 -1.000000E+00     1     1  1.477346E+03
 -1.000000E+00     1     5 -1.041168E+04
 -1.000000E+00     2     2  1.477486E+03
 -1.000000E+00     2     4  1.041239E+04
 -1.000000E+00     3     3  1.940051E+02
 -1.000000E+00     4     2  1.041217E+04
 -1.000000E+00     4     4  9.256194E+04
 -1.000000E+00     5     1 -1.041141E+04
 -1.000000E+00     5     5  9.255831E+04
 -1.000000E+00     6     6  9.633123E+03
  0.000000E+00     1     1  1.042414E+03
  0.000000E+00     1     5 -8.520619E+03
  0.000000E+00     2     2  1.042469E+03
  0.000000E+00     2     4  8.521066E+03
  0.000000E+00     3     3  1.712988E+02
  0.000000E+00     4     2  8.520896E+03
  0.000000E+00     4     4  8.366726E+04
  0.000000E+00     5     1 -8.520456E+03
  0.000000E+00     5     5  8.366456E+04
  0.000000E+00     6     6  9.000335E+03
  5.000000E-01     1     1  1.036555E+03  2.640660E-01
  5.000000E-01     1     5 -8.501139E+03 -1.738402E-01
  5.000000E-01     2     2  1.036642E+03  2.666090E-01
  5.000000E-01     2     4  8.501530E+03  1.779250E-01
  5.000000E-01     3     3  1.711692E+02  3.378340E-08
  5.000000E-01     4     2  8.501492E+03  5.626187E-02
  5.000000E-01     4     4  8.358877E+04  5.854154E-02
  5.000000E-01     5     1 -8.500931E+03 -5.544518E-02
  5.000000E-01     5     5  8.358684E+04  5.617603E-02
  5.000000E-01     6     6  8.962709E+03  5.759529E+00
  1.000000E+00     1     1  1.015247E+03  3.621341E+00
  1.000000E+00     1     5 -8.437178E+03 -8.863708E-01
  1.000000E+00     2     2  1.015378E+03  3.609188E+00
  1.000000E+00     2     4  8.437592E+03  8.876328E-01
  1.000000E+00     3     3  1.710871E+02 -4.398422E-07
  1.000000E+00     4     2  8.437528E+03  9.872270E-01
  1.000000E+00     4     4  8.333834E+04  2.416445E-01
  1.000000E+00     5     1 -8.437085E+03 -9.933994E-01
  1.000000E+00     5     5  8.333586E+04  2.419381E-01
  1.000000E+00     6     6  8.782657E+03  7.456497E+01
  1.500000E+00     1     1  9.661277E+02  1.575280E+01
  1.500000E+00     1     5 -8.308523E+03 -8.860257E+00
  1.500000E+00     2     2  9.675295E+02  1.504628E+01
  1.500000E+00     2     4  8.309612E+03  8.459586E+00
  1.500000E+00     3     3  1.708241E+02 -4.246718E-08
  1.500000E+00     4     2  8.309410E+03  8.424772E+00
  1.500000E+00     4     4  8.286967E+04  4.736757E+00
  1.500000E+00     5     1 -8.308256E+03 -8.825262E+00
  1.500000E+00     5     5  8.286702E+04  4.963933E+00
  1.500000E+00     6     6  8.120439E+03  2.293349E+02
  2.000000E+00     1     1  9.537901E+02  3.800281E+01
  2.000000E+00     1     5 -8.139693E+03 -3.775788E+01
  2.000000E+00     2     2  9.542377E+02  3.808289E+01
  2.000000E+00     2     4  8.140422E+03  3.783669E+01
  2.000000E+00     3     3  1.704521E+02  8.782336E-09
  2.000000E+00     4     2  8.140278E+03  3.784484E+01
  2.000000E+00     4     4  8.212070E+04  3.760024E+01
  2.000000E+00     5     1 -8.139511E+03 -3.776502E+01
  2.000000E+00     5     5  8.211810E+04  3.752149E+01
  2.000000E+00     6     6  8.871554E+03  1.221098E+03
  2.500000E+00     1     1  8.919319E+02  2.645298E+01
  2.500000E+00     1     5 -7.850574E+03 -4.101575E+01
  2.500000E+00     2     2  8.919596E+02  2.646188E+01
  2.500000E+00     2     4  7.850859E+03  4.102918E+01
  2.500000E+00     3     3  1.699281E+02  3.636954E-07
  2.500000E+00     4     2  7.850741E+03  4.102966E+01
  2.500000E+00     4     4  8.089689E+04  6.361724E+01
  2.500000E+00     5     1 -7.850424E+03 -4.101624E+01
  2.500000E+00     5     5  8.089480E+04  6.359621E+01
  2.500000E+00     6     6  9.976833E+03  1.871362E+03
  3.000000E+00     1     1  6.530100E+02  1.048294E+02
  3.000000E+00     1     5 -7.078143E+03 -2.315956E+02
  3.000000E+00     2     2  6.529892E+02  1.048378E+02
  3.000000E+00     2     4  7.078281E+03  2.316110E+02
  3.000000E+00     3     3  1.692214E+02  1.587632E-04
  3.000000E+00     4     2  7.078104E+03  2.316233E+02
  3.000000E+00     4     4  7.818805E+04  5.117106E+02
  3.000000E+00     5     1 -7.077991E+03 -2.316064E+02
  3.000000E+00     5     5  7.818652E+04  5.116786E+02
  3.000000E+00     6     6  1.063481E+04  4.691405E+02
  3.500000E+00     1     1  6.092756E+02  5.332398E+02
  3.500000E+00     1     5 -6.554562E+03 -1.544465E+03
  3.500000E+00     2     2  6.092804E+02  5.333569E+02
  3.500000E+00     2     4  6.554697E+03  1.544801E+03
  3.500000E+00     3     3  1.682534E+02  2.006256E-02
  3.500000E+00     4     2  6.554588E+03  1.544814E+03
  3.500000E+00     4     4  7.519018E+04  4.474344E+03
  3.500000E+00     5     1 -6.554470E+03 -1.544475E+03
  3.500000E+00     5     5  7.518888E+04  4.473393E+03
  3.500000E+00     6     6  1.017651E+04  6.555613E+01
  4.000000E+00     1     1  8.312646E+02  7.449390E+02
  4.000000E+00     1     5 -6.958006E+03 -2.636372E+03
  4.000000E+00     2     2  8.313029E+02  7.450632E+02
  4.000000E+00     2     4  6.958214E+03  2.636803E+03
  4.000000E+00     3     3  1.669016E+02  1.567502E-01
  4.000000E+00     4     2  6.958093E+03  2.636790E+03
  4.000000E+00     4     4  7.496700E+04  9.331675E+03
  4.000000E+00     5     1 -6.957877E+03 -2.636370E+03
  4.000000E+00     5     5  7.496563E+04  9.330223E+03
  4.000000E+00     6     6  9.960222E+03  1.076281E+01
  4.500000E+00     1     1  1.051965E+03  8.741217E+02
  4.500000E+00     1     5 -7.665381E+03 -3.579977E+03
  4.500000E+00     2     2  1.052031E+03  8.742697E+02
  4.500000E+00     2     4  7.665643E+03  3.580534E+03
  4.500000E+00     3     3  1.650982E+02  6.470685E-01
  4.500000E+00     4     2  7.665534E+03  3.580539E+03
  4.500000E+00     4     4  7.670330E+04  1.466406E+04
  4.500000E+00     5     1 -7.665275E+03 -3.579964E+03
  4.500000E+00     5     5  7.670189E+04  1.466179E+04
  4.500000E+00     6     6  9.856583E+03  2.049140E+00
  5.000000E+00     1     1  1.311348E+03  9.151362E+02
  5.000000E+00     1     5 -8.792834E+03 -4.171020E+03
  5.000000E+00     2     2  1.311457E+03  9.153013E+02
  5.000000E+00     2     4  8.793271E+03  4.171734E+03
  5.000000E+00     3     3  1.629655E+02  1.800541E+00
  5.000000E+00     4     2  8.793171E+03  4.171679E+03
  5.000000E+00     4     4  8.123206E+04  1.901358E+04
  5.000000E+00     5     1 -8.792706E+03 -4.170958E+03
  5.000000E+00     5     5  8.123016E+04  1.901048E+04
  5.000000E+00     6     6  9.798509E+03  4.406173E-01
  5.500000E+00     1     1  1.549695E+03  8.448555E+02
  5.500000E+00     1     5 -1.002619E+04 -4.169557E+03
  5.500000E+00     2     2  1.549845E+03  8.450142E+02
  5.500000E+00     2     4  1.002686E+04  4.170298E+03
  5.500000E+00     3     3  1.608405E+02  3.810932E+00
  5.500000E+00     4     2  1.002672E+04  4.170225E+03
  5.500000E+00     4     4  8.726200E+04  2.058091E+04
  5.500000E+00     5     1 -1.002604E+04 -4.169498E+03
  5.500000E+00     5     5  8.725912E+04  2.057740E+04
  5.500000E+00     6     6  9.761886E+03  1.052758E-01
  6.000000E+00     1     1  1.712145E+03  7.046108E+02
  6.000000E+00     1     5 -1.099966E+04 -3.693660E+03
  6.000000E+00     2     2  1.712328E+03  7.047479E+02
  6.000000E+00     2     4  1.100051E+04  3.694332E+03
  6.000000E+00     3     3  1.591173E+02  6.644501E+00
  6.000000E+00     4     2  1.100036E+04  3.694278E+03
  6.000000E+00     4     4  9.270720E+04  1.936561E+04
  6.000000E+00     5     1 -1.099950E+04 -3.693604E+03
  6.000000E+00     5     5  9.270309E+04  1.936230E+04
  6.000000E+00     6     6  9.736870E+03  2.781684E-02
  6.500000E+00     1     1  1.793644E+03  5.507832E+02
  6.500000E+00     1     5 -1.158883E+04 -3.025135E+03
  6.500000E+00     2     2  1.793848E+03  5.508867E+02
  6.500000E+00     2     4  1.158979E+04  3.025684E+03
  6.500000E+00     3     3  1.581002E+02  1.007149E+01
  6.500000E+00     4     2  1.158965E+04  3.025631E+03
  6.500000E+00     4     4  9.647135E+04  1.661793E+04
  6.500000E+00     5     1 -1.158867E+04 -3.025098E+03
  6.500000E+00     5     5  9.646662E+04  1.661520E+04
  6.500000E+00     6     6  9.718833E+03  7.708994E-03
  7.000000E+00     1     1  1.817842E+03  4.162520E+02
  7.000000E+00     1     5 -1.186050E+04 -2.371786E+03
  7.000000E+00     2     2  1.818047E+03  4.163265E+02
  7.000000E+00     2     4  1.186157E+04  2.372190E+03
  7.000000E+00     3     3  1.579294E+02  1.377480E+01
  7.000000E+00     4     2  1.186139E+04  2.372143E+03
  7.000000E+00     4     4  9.857756E+04  1.351623E+04
  7.000000E+00     5     1 -1.186038E+04 -2.371736E+03
  7.000000E+00     5     5  9.857252E+04  1.351400E+04
  7.000000E+00     6     6  9.705293E+03  2.626871E-03
  7.500000E+00     1     1  1.809886E+03  3.103871E+02
  7.500000E+00     1     5 -1.192936E+04 -1.821344E+03
  7.500000E+00     2     2  1.810085E+03  3.104393E+02
  7.500000E+00     2     4  1.193036E+04  1.821632E+03
  7.500000E+00     3     3  1.585907E+02  1.745117E+01
  7.500000E+00     4     2  1.193020E+04  1.821599E+03
  7.500000E+00     4     4  9.949177E+04  1.068897E+04
  7.500000E+00     5     1 -1.192919E+04 -1.821303E+03
  7.500000E+00     5     5  9.948670E+04  1.068736E+04
  7.500000E+00     6     6  9.694879E+03  7.676908E-04
  8.000000E+00     1     1  1.786941E+03  2.310382E+02
  8.000000E+00     1     5 -1.188707E+04 -1.388498E+03
  8.000000E+00     2     2  1.787135E+03  2.310759E+02
  8.000000E+00     2     4  1.188812E+04  1.388716E+03
  8.000000E+00     3     3  1.599716E+02  2.086716E+01
  8.000000E+00     4     2  1.188791E+04  1.388692E+03
  8.000000E+00     4     4  9.967478E+04  8.345704E+03
  8.000000E+00     5     1 -1.188692E+04 -1.388473E+03
  8.000000E+00     5     5  9.966983E+04  8.344514E+03
  8.000000E+00     6     6  9.686590E+03  3.993236E-04
  8.500000E+00     1     1  1.758683E+03  1.727350E+02
  8.500000E+00     1     5 -1.179193E+04 -1.058727E+03
  8.500000E+00     2     2  1.758875E+03  1.727621E+02
  8.500000E+00     2     4  1.179292E+04  1.058886E+03
  8.500000E+00     3     3  1.619103E+02  2.387434E+01
  8.500000E+00     4     2  1.179268E+04  1.058866E+03
  8.500000E+00     4     4  9.945538E+04  6.489953E+03
  8.500000E+00     5     1 -1.179171E+04 -1.058710E+03
  8.500000E+00     5     5  9.945030E+04  6.489066E+03
  8.500000E+00     6     6  9.679918E+03  1.969340E-04
  9.000000E+00     1     1  1.730015E+03  1.301139E+02
  9.000000E+00     1     5 -1.167677E+04 -8.106688E+02
  9.000000E+00     2     2  1.730203E+03  1.301342E+02
  9.000000E+00     2     4  1.167774E+04  8.107852E+02
  9.000000E+00     3     3  1.642411E+02  2.640000E+01
  9.000000E+00     4     2  1.167756E+04  8.107722E+02
  9.000000E+00     4     4  9.903745E+04  5.051426E+03
  9.000000E+00     5     1 -1.167660E+04 -8.106539E+02
  9.000000E+00     5     5  9.903272E+04  5.050755E+03
  9.000000E+00     6     6  9.674467E+03  7.714804E-06
  9.500000E+00     1     1  1.703155E+03  9.887836E+01
  9.500000E+00     1     5 -1.155900E+04 -6.246115E+02
  9.500000E+00     2     2  1.703326E+03  9.889334E+01
  9.500000E+00     2     4  1.155998E+04  6.247000E+02
  9.500000E+00     3     3  1.668125E+02  2.842702E+01
  9.500000E+00     4     2  1.155972E+04  6.246861E+02
  9.500000E+00     4     4  9.854028E+04  3.946107E+03
  9.500000E+00     5     1 -1.155877E+04 -6.245997E+02
  9.500000E+00     5     5  9.853541E+04  3.945586E+03
  9.500000E+00     6     6  9.669936E+03 -3.758799E-05
  1.000000E+01     1     1  1.678930E+03  7.583891E+01
  1.000000E+01     1     5 -1.144702E+04 -4.847211E+02
  1.000000E+01     2     2  1.679103E+03  7.585029E+01
  1.000000E+01     2     4  1.144793E+04  4.847857E+02
  1.000000E+01     3     3  1.695010E+02  2.997523E+01
  1.000000E+01     4     2  1.144771E+04  4.847771E+02
  1.000000E+01     4     4  9.802788E+04  3.098386E+03
  1.000000E+01     5     1 -1.144674E+04 -4.847107E+02
  1.000000E+01     5     5  9.802377E+04  3.098008E+03
  1.000000E+01     6     6  9.666131E+03  4.964769E-06
  1.050000E+01     1     1  1.657523E+03  5.870408E+01
  1.050000E+01     1     5 -1.134431E+04 -3.789910E+02
  1.050000E+01     2     2  1.657697E+03  5.871249E+01
  1.050000E+01     2     4  1.134526E+04  3.790428E+02
  1.050000E+01     3     3  1.722127E+02  3.108489E+01
  1.050000E+01     4     2  1.134503E+04  3.790342E+02
  1.050000E+01     4     4  9.753541E+04  2.446996E+03
  1.050000E+01     5     1 -1.134413E+04 -3.789826E+02
  1.050000E+01     5     5  9.753055E+04  2.446698E+03
  1.050000E+01     6     6  9.662878E+03 -1.936478E-04
  1.100000E+01     1     1  1.638786E+03  4.584405E+01
  1.100000E+01     1     5 -1.125221E+04 -2.985463E+02
  1.100000E+01     2     2  1.638962E+03  4.585063E+01
  1.100000E+01     2     4  1.125312E+04  2.985846E+02
  1.100000E+01     3     3  1.748774E+02  3.180512E+01
  1.100000E+01     4     2  1.125289E+04  2.985784E+02
  1.100000E+01     4     4  9.707745E+04  1.944380E+03
  1.100000E+01     5     1 -1.125201E+04 -2.985397E+02
  1.100000E+01     5     5  9.707309E+04  1.944150E+03
  1.100000E+01     6     6  9.660089E+03  1.113867E-04
  1.150000E+01     1     1  1.622463E+03  3.610212E+01
  1.150000E+01     1     5 -1.117039E+04 -2.368830E+02
  1.150000E+01     2     2  1.622628E+03  3.610726E+01
  1.150000E+01     2     4  1.117122E+04  2.369133E+02
  1.150000E+01     3     3  1.774462E+02  3.218685E+01
  1.150000E+01     4     2  1.117102E+04  2.369081E+02
  1.150000E+01     4     4  9.666084E+04  1.554450E+03
  1.150000E+01     5     1 -1.117018E+04 -2.368783E+02
  1.150000E+01     5     5  9.665639E+04  1.554278E+03
  1.150000E+01     6     6  9.657713E+03 -2.078128E-05
  1.200000E+01     1     1  1.608240E+03  2.865429E+01
  1.200000E+01     1     5 -1.109811E+04 -1.892608E+02
  1.200000E+01     2     2  1.608405E+03  2.865829E+01
  1.200000E+01     2     4  1.109891E+04  1.892848E+02
  1.200000E+01     3     3  1.798879E+02  3.227782E+01
  1.200000E+01     4     2  1.109872E+04  1.892810E+02
  1.200000E+01     4     4  9.628570E+04  1.250181E+03
  1.200000E+01     5     1 -1.109786E+04 -1.892570E+02
  1.200000E+01     5     5  9.628150E+04  1.250044E+03
  1.200000E+01     6     6  9.655597E+03  2.416919E-05
  1.250000E+01     1     1  1.595839E+03  2.291128E+01
  1.250000E+01     1     5 -1.103433E+04 -1.522112E+02
  1.250000E+01     2     2  1.596006E+03  2.291435E+01
  1.250000E+01     2     4  1.103517E+04  1.522300E+02
  1.250000E+01     3     3  1.821786E+02  3.212236E+01
  1.250000E+01     4     2  1.103491E+04  1.522269E+02
  1.250000E+01     4     4  9.595054E+04  1.011306E+03
  1.250000E+01     5     1 -1.103412E+04 -1.522078E+02
  1.250000E+01     5     5  9.594621E+04  1.011194E+03
  1.250000E+01     6     6  9.653771E+03  1.559324E-04
  1.300000E+01     1     1  1.585010E+03  1.844711E+01
  1.300000E+01     1     5 -1.097813E+04 -1.231851E+02
  1.300000E+01     2     2  1.585169E+03  1.844956E+01
  1.300000E+01     2     4  1.097897E+04  1.232004E+02
  1.300000E+01     3     3  1.843017E+02  3.176042E+01
  1.300000E+01     4     2  1.097874E+04  1.231978E+02
  1.300000E+01     4     4  9.565163E+04  8.226763E+02
  1.300000E+01     5     1 -1.097790E+04 -1.231826E+02
  1.300000E+01     5     5  9.564745E+04  8.225872E+02
  1.300000E+01     6     6  9.652155E+03 -2.264167E-05
  1.350000E+01     1     1  1.575511E+03  1.495161E+01
  1.350000E+01     1     5 -1.092860E+04 -1.003023E+02
  1.350000E+01     2     2  1.575673E+03  1.495355E+01
  1.350000E+01     2     4  1.092939E+04  1.003136E+02
  1.350000E+01     3     3  1.862493E+02  3.122860E+01
  1.350000E+01     4     2  1.092913E+04  1.003122E+02
  1.350000E+01     4     4  9.538563E+04  6.729319E+02
  1.350000E+01     5     1 -1.092833E+04 -1.003000E+02
  1.350000E+01     5     5  9.538140E+04  6.728603E+02
  1.350000E+01     6     6  9.650736E+03  1.830881E-04
  1.400000E+01     1     1  1.567164E+03  1.219695E+01
  1.400000E+01     1     5 -1.088470E+04 -8.215841E+01
  1.400000E+01     2     2  1.567325E+03  1.219852E+01
  1.400000E+01     2     4  1.088552E+04  8.216844E+01
  1.400000E+01     3     3  1.880151E+02  3.056155E+01
  1.400000E+01     4     2  1.088529E+04  8.216687E+01
  1.400000E+01     4     4  9.514873E+04  5.534686E+02
  1.400000E+01     5     1 -1.088451E+04 -8.215710E+01
  1.400000E+01     5     5  9.514447E+04  5.534091E+02
  1.400000E+01     6     6  9.649450E+03  4.563587E-06
  1.450000E+01     1     1  1.559791E+03  1.001356E+01
  1.450000E+01     1     5 -1.084584E+04 -6.770000E+01
  1.450000E+01     2     2  1.559946E+03  1.001486E+01
  1.450000E+01     2     4  1.084667E+04  6.770824E+01
  1.450000E+01     3     3  1.895984E+02  2.979148E+01
  1.450000E+01     4     2  1.084639E+04  6.770670E+01
  1.450000E+01     4     4  9.493770E+04  4.577461E+02
  1.450000E+01     5     1 -1.084563E+04 -6.769869E+01
  1.450000E+01     5     5  9.493336E+04  4.576991E+02
  1.450000E+01     6     6  9.648322E+03 -7.959650E-05
  1.500000E+01     1     1  1.553261E+03  8.274012E+00
  1.500000E+01     1     5 -1.081134E+04 -5.612488E+01
  1.500000E+01     2     2  1.553413E+03  8.275068E+00
  1.500000E+01     2     4  1.081216E+04  5.613132E+01
  1.500000E+01     3     3  1.910014E+02  2.894891E+01
  1.500000E+01     4     2  1.081190E+04  5.613036E+01
  1.500000E+01     4     4  9.474940E+04  3.807439E+02
  1.500000E+01     5     1 -1.081112E+04 -5.612388E+01
  1.500000E+01     5     5  9.474516E+04  3.807030E+02
  1.500000E+01     6     6  9.647271E+03  1.099092E-04
  1.550000E+01     1     1  1.547463E+03  6.881318E+00
  1.550000E+01     1     5 -1.078061E+04 -4.681799E+01
  1.550000E+01     2     2  1.547615E+03  6.882167E+00
  1.550000E+01     2     4  1.078142E+04  4.682366E+01
  1.550000E+01     3     3  1.922319E+02  2.806091E+01
  1.550000E+01     4     2  1.078114E+04  4.682259E+01
  1.550000E+01     4     4  9.458106E+04  3.185628E+02
  1.550000E+01     5     1 -1.078039E+04 -4.681715E+01
  1.550000E+01     5     5  9.457683E+04  3.185288E+02
  1.550000E+01     6     6  9.646364E+03  1.951205E-05
  1.600000E+01     1     1  1.542296E+03  5.761199E+00
  1.600000E+01     1     5 -1.075316E+04 -3.930421E+01
  1.600000E+01     2     2  1.542447E+03  5.761928E+00
  1.600000E+01     2     4  1.075394E+04  3.930865E+01
  1.600000E+01     3     3  1.932990E+02  2.715229E+01
  1.600000E+01     4     2  1.075372E+04  3.930767E+01
  1.600000E+01     4     4  9.443031E+04  2.681634E+02
  1.600000E+01     5     1 -1.075298E+04 -3.930320E+01
  1.600000E+01     5     5  9.442628E+04  2.681346E+02
  1.600000E+01     6     6  9.645516E+03  9.243056E-06
  1.650000E+01     1     1  1.537669E+03  4.856028E+00
  1.650000E+01     1     5 -1.072863E+04 -3.321111E+01
  1.650000E+01     2     2  1.537823E+03  4.856668E+00
  1.650000E+01     2     4  1.072938E+04  3.321486E+01
  1.650000E+01     3     3  1.942160E+02  2.624336E+01
  1.650000E+01     4     2  1.072915E+04  3.321427E+01
  1.650000E+01     4     4  9.429516E+04  2.271542E+02
  1.650000E+01     5     1 -1.072838E+04 -3.321031E+01
  1.650000E+01     5     5  9.429133E+04  2.271302E+02
  1.650000E+01     6     6  9.644760E+03 -3.180498E-05
  1.700000E+01     1     1  1.533519E+03  4.121102E+00
  1.700000E+01     1     5 -1.070655E+04 -2.824855E+01
  1.700000E+01     2     2  1.533673E+03  4.121633E+00
  1.700000E+01     2     4  1.070736E+04  2.825188E+01
  1.700000E+01     3     3  1.949987E+02  2.535054E+01
  1.700000E+01     4     2  1.070711E+04  2.825118E+01
  1.700000E+01     4     4  9.417377E+04  1.936493E+02
  1.700000E+01     5     1 -1.070635E+04 -2.824808E+01
  1.700000E+01     5     5  9.416970E+04  1.936293E+02
  1.700000E+01     6     6  9.644069E+03  3.174186E-05
  1.750000E+01     1     1  1.529788E+03  3.521351E+00
  1.750000E+01     1     5 -1.068674E+04 -2.418750E+01
  1.750000E+01     2     2  1.529939E+03  3.521792E+00
  1.750000E+01     2     4  1.068753E+04  2.419042E+01
  1.750000E+01     3     3  1.956620E+02  2.448644E+01
  1.750000E+01     4     2  1.068724E+04  2.418971E+01
  1.750000E+01     4     4  9.406463E+04  1.661531E+02
  1.750000E+01     5     1 -1.068652E+04 -2.418703E+01
  1.750000E+01     5     5  9.406056E+04  1.661362E+02
  1.750000E+01     6     6  9.643457E+03  1.203054E-04
  1.800000E+01     1     1  1.526425E+03  3.029335E+00
  1.800000E+01     1     5 -1.066888E+04 -2.084749E+01
  1.800000E+01     2     2  1.526571E+03  3.029720E+00
  1.800000E+01     2     4  1.066959E+04  2.084989E+01
  1.800000E+01     3     3  1.962200E+02  2.365991E+01
  1.800000E+01     4     2  1.066936E+04  2.084936E+01
  1.800000E+01     4     4  9.396601E+04  1.434808E+02
  1.800000E+01     5     1 -1.066860E+04 -2.084702E+01
  1.800000E+01     5     5  9.396198E+04  1.434659E+02
  1.800000E+01     6     6  9.642882E+03  3.146853E-05
  1.850000E+01     1     1  1.523371E+03  2.623469E+00
  1.850000E+01     1     5 -1.065265E+04 -1.808587E+01
  1.850000E+01     2     2  1.523518E+03  2.623804E+00
  1.850000E+01     2     4  1.065339E+04  1.808795E+01
  1.850000E+01     3     3  1.966905E+02  2.287653E+01
  1.850000E+01     4     2  1.065316E+04  1.808748E+01
  1.850000E+01     4     4  9.387673E+04  1.246913E+02
  1.850000E+01     5     1 -1.065240E+04 -1.808539E+01
  1.850000E+01     5     5  9.387259E+04  1.246784E+02
  1.850000E+01     6     6  9.642357E+03 -4.700849E-05
  1.900000E+01     1     1  1.520601E+03  2.286748E+00
  1.900000E+01     1     5 -1.063794E+04 -1.578984E+01
  1.900000E+01     2     2  1.520748E+03  2.287032E+00
  1.900000E+01     2     4  1.063876E+04  1.579169E+01
  1.900000E+01     3     3  1.970839E+02  2.213923E+01
  1.900000E+01     4     2  1.063845E+04  1.579134E+01
  1.900000E+01     4     4  9.379588E+04  1.090366E+02
  1.900000E+01     5     1 -1.063771E+04 -1.578949E+01
  1.900000E+01     5     5  9.379162E+04  1.090255E+02
  1.900000E+01     6     6  9.641870E+03  6.370256E-05
  1.950000E+01     1     1  1.518077E+03  2.005773E+00
  1.950000E+01     1     5 -1.062461E+04 -1.387029E+01
  1.950000E+01     2     2  1.518227E+03  2.006014E+00
  1.950000E+01     2     4  1.062531E+04  1.387180E+01
  1.950000E+01     3     3  1.974136E+02  2.144915E+01
  1.950000E+01     4     2  1.062511E+04  1.387150E+01
  1.950000E+01     4     4  9.372187E+04  9.592316E+01
  1.950000E+01     5     1 -1.062437E+04 -1.386996E+01
  1.950000E+01     5     5  9.371791E+04  9.591340E+01
  1.950000E+01     6     6  9.641417E+03  1.116369E-05
  2.000000E+01     1     1  1.515780E+03  1.769914E+00
  2.000000E+01     1     5 -1.061240E+04 -1.225602E+01
  2.000000E+01     2     2  1.515922E+03  1.770128E+00
  2.000000E+01     2     4  1.061314E+04  1.225739E+01
  2.000000E+01     3     3  1.976899E+02  2.080589E+01
  2.000000E+01     4     2  1.061293E+04  1.225714E+01
  2.000000E+01     4     4  9.365511E+04  8.487570E+01
  2.000000E+01     5     1 -1.061213E+04 -1.225573E+01
  2.000000E+01     5     5  9.365097E+04  8.486720E+01
  2.000000E+01     6     6  9.641000E+03 -1.524856E-05
  2.050000E+01     1     1  1.513673E+03  1.570750E+00
  2.050000E+01     1     5 -1.060124E+04 -1.089074E+01
  2.050000E+01     2     2  1.513813E+03  1.570948E+00
  2.050000E+01     2     4  1.060199E+04  1.089200E+01
  2.050000E+01     3     3  1.979228E+02  2.020794E+01
  2.050000E+01     4     2  1.060172E+04  1.089175E+01
  2.050000E+01     4     4  9.359371E+04  7.551664E+01
  2.050000E+01     5     1 -1.060098E+04 -1.089054E+01
  2.050000E+01     5     5  9.358977E+04  7.550909E+01
  2.050000E+01     6     6  9.640610E+03 -5.341494E-05
  2.100000E+01     1     1  1.511738E+03  1.401608E+00
  2.100000E+01     1     5 -1.059101E+04 -9.729513E+00
  2.100000E+01     2     2  1.511880E+03  1.401788E+00
  2.100000E+01     2     4  1.059178E+04  9.730595E+00
  2.100000E+01     3     3  1.981200E+02  1.965339E+01
  2.100000E+01     4     2  1.059151E+04  9.730349E+00
  2.100000E+01     4     4  9.353738E+04  6.754383E+01
  2.100000E+01     5     1 -1.059077E+04 -9.729283E+00
  2.100000E+01     5     5  9.353334E+04  6.753710E+01
  2.100000E+01     6     6  9.640246E+03  2.233209E-05
  2.150000E+01     1     1  1.509959E+03  1.257141E+00
  2.150000E+01     1     5 -1.058162E+04 -8.736167E+00
  2.150000E+01     2     2  1.510100E+03  1.257296E+00
  2.150000E+01     2     4  1.058237E+04  8.737145E+00
  2.150000E+01     3     3  1.982867E+02  1.913954E+01
  2.150000E+01     4     2  1.058212E+04  8.736936E+00
  2.150000E+01     4     4  9.348577E+04  6.071436E+01
  2.150000E+01     5     1 -1.058136E+04 -8.735970E+00
  2.150000E+01     5     5  9.348155E+04  6.070840E+01
  2.150000E+01     6     6  9.639920E+03 -4.947033E-05
  2.200000E+01     1     1  1.508317E+03  1.133047E+00
  2.200000E+01     1     5 -1.057299E+04 -7.881843E+00
  2.200000E+01     2     2  1.508460E+03  1.133184E+00
  2.200000E+01     2     4  1.057371E+04  7.882717E+00
  2.200000E+01     3     3  1.984276E+02  1.866370E+01
  2.200000E+01     4     2  1.057347E+04  7.882531E+00
  2.200000E+01     4     4  9.343830E+04  5.483269E+01
  2.200000E+01     5     1 -1.057271E+04 -7.881641E+00
  2.200000E+01     5     5  9.343420E+04  5.482737E+01
  2.200000E+01     6     6  9.639615E+03 -4.508925E-05
  2.250000E+01     1     1  1.506802E+03  1.025863E+00
  2.250000E+01     1     5 -1.056495E+04 -7.143019E+00
  2.250000E+01     2     2  1.506946E+03  1.025988E+00
  2.250000E+01     2     4  1.056572E+04  7.143802E+00
  2.250000E+01     3     3  1.985491E+02  1.822312E+01
  2.250000E+01     4     2  1.056548E+04  7.143657E+00
  2.250000E+01     4     4  9.339459E+04  4.973996E+01
  2.250000E+01     5     1 -1.056471E+04 -7.142853E+00
  2.250000E+01     5     5  9.339038E+04  4.973516E+01
  2.250000E+01     6     6  9.639332E+03 -1.160320E-06
  2.300000E+01     1     1  1.505398E+03  9.328225E-01
  2.300000E+01     1     5 -1.055760E+04 -6.500955E+00
  2.300000E+01     2     2  1.505539E+03  9.329349E-01
  2.300000E+01     2     4  1.055831E+04  6.501654E+00
  2.300000E+01     3     3  1.986539E+02  1.781523E+01
  2.300000E+01     4     2  1.055811E+04  6.501511E+00
  2.300000E+01     4     4  9.335389E+04  4.530946E+01
  2.300000E+01     5     1 -1.055731E+04 -6.500807E+00
  2.300000E+01     5     5  9.334995E+04  4.530490E+01
  2.300000E+01     6     6  9.639043E+03 -1.328784E-05
  2.350000E+01     1     1  1.504093E+03  8.516353E-01
  2.350000E+01     1     5 -1.055075E+04 -5.940077E+00
  2.350000E+01     2     2  1.504234E+03  8.517379E-01
  2.350000E+01     2     4  1.055146E+04  5.940733E+00
  2.350000E+01     3     3  1.987486E+02  1.743711E+01
  2.350000E+01     4     2  1.055121E+04  5.940577E+00
  2.350000E+01     4     4  9.331650E+04  4.143451E+01
  2.350000E+01     5     1 -1.055045E+04 -5.939945E+00
  2.350000E+01     5     5  9.331247E+04  4.143045E+01
  2.350000E+01     6     6  9.638801E+03  2.678247E-05
  2.400000E+01     1     1  1.502880E+03  7.804646E-01
  2.400000E+01     1     5 -1.054437E+04 -5.447898E+00
  2.400000E+01     2     2  1.503027E+03  7.805603E-01
  2.400000E+01     2     4  1.054514E+04  5.448534E+00
  2.400000E+01     3     3  1.988294E+02  1.708654E+01
  2.400000E+01     4     2  1.054483E+04  5.448399E+00
  2.400000E+01     4     4  9.328158E+04  3.803121E+01
  2.400000E+01     5     1 -1.054411E+04 -5.447800E+00
  2.400000E+01     5     5  9.327756E+04  3.802749E+01
  2.400000E+01     6     6  9.638558E+03  2.271561E-05
  2.450000E+01     1     1  1.501749E+03  7.177690E-01
  2.450000E+01     1     5 -1.053843E+04 -5.013940E+00
  2.450000E+01     2     2  1.501900E+03  7.178560E-01
  2.450000E+01     2     4  1.053918E+04  5.014502E+00
  2.450000E+01     3     3  1.989002E+02  1.676125E+01
  2.450000E+01     4     2  1.053889E+04  5.014363E+00
  2.450000E+01     4     4  9.324913E+04  3.502698E+01
  2.450000E+01     5     1 -1.053817E+04 -5.013831E+00
  2.450000E+01     5     5  9.324501E+04  3.502350E+01
  2.450000E+01     6     6  9.638344E+03 -2.198608E-05
  2.500000E+01     1     1  1.500694E+03  6.623102E-01
  2.500000E+01     1     5 -1.053291E+04 -4.629683E+00
  2.500000E+01     2     2  1.500843E+03  6.623938E-01
  2.500000E+01     2     4  1.053365E+04  4.630197E+00
  2.500000E+01     3     3  1.989646E+02  1.645877E+01
  2.500000E+01     4     2  1.053338E+04  4.630094E+00
  2.500000E+01     4     4  9.321912E+04  3.236477E+01
  2.500000E+01     5     1 -1.053266E+04 -4.629585E+00
  2.500000E+01     5     5  9.321498E+04  3.236170E+01
  2.500000E+01     6     6  9.638130E+03 -6.076635E-06
  2.550000E+01     1     1  1.499716E+03  6.130486E-01
  2.550000E+01     1     5 -1.052774E+04 -4.288092E+00
  2.550000E+01     2     2  1.499853E+03  6.131249E-01
  2.550000E+01     2     4  1.052849E+04  4.288561E+00
  2.550000E+01     3     3  1.990261E+02  1.617768E+01
  2.550000E+01     4     2  1.052822E+04  4.288468E+00
  2.550000E+01     4     4  9.319082E+04  2.999618E+01
  2.550000E+01     5     1 -1.052749E+04 -4.287984E+00
  2.550000E+01     5     5  9.318668E+04  2.999329E+01
  2.550000E+01     6     6  9.637952E+03  2.314972E-05
  2.600000E+01     1     1  1.498790E+03  5.690967E-01
  2.600000E+01     1     5 -1.052290E+04 -3.983075E+00
  2.600000E+01     2     2  1.498938E+03  5.691653E-01
  2.600000E+01     2     4  1.052366E+04  3.983494E+00
  2.600000E+01     3     3  1.990809E+02  1.591580E+01
  2.600000E+01     4     2  1.052338E+04  3.983391E+00
  2.600000E+01     4     4  9.316443E+04  2.787932E+01
  2.600000E+01     5     1 -1.052263E+04 -3.982976E+00
  2.600000E+01     5     5  9.316036E+04  2.787657E+01
  2.600000E+01     6     6  9.637765E+03 -1.350564E-06
  2.650000E+01     1     1  1.497929E+03  5.297546E-01
  2.650000E+01     1     5 -1.051840E+04 -3.709836E+00
  2.650000E+01     2     2  1.498073E+03  5.298176E-01
  2.650000E+01     2     4  1.051912E+04  3.710235E+00
  2.650000E+01     3     3  1.991324E+02  1.567170E+01
  2.650000E+01     4     2  1.051888E+04  3.710151E+00
  2.650000E+01     4     4  9.313973E+04  2.598165E+01
  2.650000E+01     5     1 -1.051812E+04 -3.709743E+00
  2.650000E+01     5     5  9.313572E+04  2.597911E+01
  2.650000E+01     6     6  9.637580E+03  1.506516E-06
  2.700000E+01     1     1  1.497114E+03  4.944032E-01
  2.700000E+01     1     5 -1.051414E+04 -3.464141E+00
  2.700000E+01     2     2  1.497258E+03  4.944629E-01
  2.700000E+01     2     4  1.051490E+04  3.464516E+00
  2.700000E+01     3     3  1.991805E+02  1.544371E+01
  2.700000E+01     4     2  1.051464E+04  3.464429E+00
  2.700000E+01     4     4  9.311677E+04  2.427409E+01
  2.700000E+01     5     1 -1.051388E+04 -3.464067E+00
  2.700000E+01     5     5  9.311253E+04  2.427168E+01
  2.700000E+01     6     6  9.637409E+03 -2.174168E-05
  2.750000E+01     1     1  1.496352E+03  4.625221E-01
  2.750000E+01     1     5 -1.051016E+04 -3.242398E+00
  2.750000E+01     2     2  1.496498E+03  4.625785E-01
  2.750000E+01     2     4  1.051090E+04  3.242768E+00
  2.750000E+01     3     3  1.992267E+02  1.523059E+01
  2.750000E+01     4     2  1.051064E+04  3.242684E+00
  2.750000E+01     4     4  9.309477E+04  2.273200E+01
  2.750000E+01     5     1 -1.050986E+04 -3.242341E+00
  2.750000E+01     5     5  9.309089E+04  2.272965E+01
  2.750000E+01     6     6  9.637252E+03  1.506245E-06
  2.800000E+01     1     1  1.495630E+03  4.336913E-01
  2.800000E+01     1     5 -1.050641E+04 -3.041756E+00
  2.800000E+01     2     2  1.495779E+03  4.337449E-01
  2.800000E+01     2     4  1.050715E+04  3.042086E+00
  2.800000E+01     3     3  1.992721E+02  1.503120E+01
  2.800000E+01     4     2  1.050688E+04  3.042037E+00
  2.800000E+01     4     4  9.307441E+04  2.133548E+01
  2.800000E+01     5     1 -1.050609E+04 -3.041696E+00
  2.800000E+01     5     5  9.307034E+04  2.133339E+01
  2.800000E+01     6     6  9.637106E+03 -2.256182E-06
  2.850000E+01     1     1  1.494950E+03  4.075308E-01
  2.850000E+01     1     5 -1.050288E+04 -2.859591E+00
  2.850000E+01     2     2  1.495101E+03  4.075810E-01
  2.850000E+01     2     4  1.050362E+04  2.859907E+00
  2.850000E+01     3     3  1.993153E+02  1.484430E+01
  2.850000E+01     4     2  1.050335E+04  2.859839E+00
  2.850000E+01     4     4  9.305506E+04  2.006683E+01
  2.850000E+01     5     1 -1.050256E+04 -2.859528E+00
  2.850000E+01     5     5  9.305104E+04  2.006490E+01
  2.850000E+01     6     6  9.636980E+03  3.940424E-06
  2.900000E+01     1     1  1.494313E+03  3.837182E-01
  2.900000E+01     1     5 -1.049949E+04 -2.693642E+00
  2.900000E+01     2     2  1.494457E+03  3.837646E-01
  2.900000E+01     2     4  1.050025E+04  2.693956E+00
  2.900000E+01     3     3  1.993557E+02  1.466890E+01
  2.900000E+01     4     2  1.050001E+04  2.693890E+00
  2.900000E+01     4     4  9.303695E+04  1.891052E+01
  2.900000E+01     5     1 -1.049926E+04 -2.693597E+00
  2.900000E+01     5     5  9.303279E+04  1.890863E+01
  2.900000E+01     6     6  9.636849E+03 -3.499393E-05
  2.950000E+01     1     1  1.493707E+03  3.619919E-01
  2.950000E+01     1     5 -1.049634E+04 -2.542179E+00
  2.950000E+01     2     2  1.493847E+03  3.620347E-01
  2.950000E+01     2     4  1.049710E+04  2.542459E+00
  2.950000E+01     3     3  1.993991E+02  1.450416E+01
  2.950000E+01     4     2  1.049684E+04  2.542394E+00
  2.950000E+01     4     4  9.301956E+04  1.785443E+01
  2.950000E+01     5     1 -1.049608E+04 -2.542126E+00
  2.950000E+01     5     5  9.301555E+04  1.785268E+01
  2.950000E+01     6     6  9.636719E+03 -1.311540E-05
  3.000000E+01     1     1  1.493132E+03  3.421093E-01
  3.000000E+01     1     5 -1.049335E+04 -2.403509E+00
  3.000000E+01     2     2  1.493283E+03  3.421516E-01
  3.000000E+01     2     4  1.049410E+04  2.403766E+00
  3.000000E+01     3     3  1.994390E+02  1.434921E+01
  3.000000E+01     4     2  1.049385E+04  2.403695E+00
  3.000000E+01     4     4  9.300348E+04  1.688703E+01
  3.000000E+01     5     1 -1.049310E+04 -2.403430E+00
  3.000000E+01     5     5  9.299941E+04  1.688546E+01
  3.000000E+01     6     6  9.636601E+03  6.444136E-06
  3.050000E+01     1     1  1.492589E+03  3.238667E-01
  3.050000E+01     1     5 -1.049052E+04 -2.276164E+00
  3.050000E+01     2     2  1.492734E+03  3.239075E-01
  3.050000E+01     2     4  1.049132E+04  2.276420E+00
  3.050000E+01     3     3  1.994790E+02  1.420329E+01
  3.050000E+01     4     2  1.049103E+04  2.276357E+00
  3.050000E+01     4     4  9.298804E+04  1.599822E+01
  3.050000E+01     5     1 -1.049025E+04 -2.276114E+00
  3.050000E+01     5     5  9.298418E+04  1.599668E+01
  3.050000E+01     6     6  9.636472E+03  1.155426E-05
