 -1.000000E+00     1     1  1.764470E+03
 -1.000000E+00     1     5 -2.249254E+04
 -1.000000E+00     2     2  1.764457E+03
 -1.000000E+00     2     4  2.249248E+04
 -1.000000E+00     3     3  2.232010E+03
 -1.000000E+00     4     2  2.249198E+04
 -1.000000E+00     4     4  4.079536E+05
 -1.000000E+00     5     1 -2.249195E+04
 -1.000000E+00     5     5  4.079528E+05
 -1.000000E+00     6     6  2.493999E-14
  0.000000E+00     1     1  1.415862E+03
  0.000000E+00     1     5 -2.026069E+04
  0.000000E+00     2     2  1.415863E+03
  0.000000E+00     2     4  2.026070E+04
  0.000000E+00     3     3  2.227834E+03
  0.000000E+00     4     2  2.026008E+04
  0.000000E+00     4     4  3.910773E+05
  0.000000E+00     5     1 -2.026004E+04
  0.000000E+00     5     5  3.910770E+05
  0.000000E+00     6     6  1.583323E-14
  5.000000E-01     1     1  1.411324E+03  1.778358E-01
  5.000000E-01     1     5 -2.023949E+04 -1.155531E-01
  5.000000E-01     2     2  1.411369E+03  1.777607E-01
  5.000000E-01     2     4  2.023953E+04  1.150561E-01
  5.000000E-01     3     3  2.248109E+03 -3.391555E-07
  5.000000E-01     4     2  2.024089E+04  3.902703E-02
  5.000000E-01     4     4  3.909445E+05  2.528215E-02
  5.000000E-01     5     1 -2.024004E+04 -3.903753E-02
  5.000000E-01     5     5  3.909471E+05  2.538768E-02
  5.000000E-01     6     6  7.561109E-13 -1.135301E-14
  1.000000E+00     1     1  1.395775E+03  2.226353E+00
  1.000000E+00     1     5 -2.018026E+04 -6.615382E-01
  1.000000E+00     2     2  1.395777E+03  2.227446E+00
  1.000000E+00     2     4  2.018030E+04  6.602056E-01
  1.000000E+00     3     3  2.231518E+03  1.018255E-07
  1.000000E+00     4     2  2.017972E+04  6.158177E-01
  1.000000E+00     4     4  3.906092E+05  1.824787E-01
  1.000000E+00     5     1 -2.017955E+04 -6.155165E-01
  1.000000E+00     5     5  3.906110E+05  1.829057E-01
  1.000000E+00     6     6  1.481848E-13  5.311204E-15
  1.500000E+00     1     1  1.367051E+03  9.933303E+00
  1.500000E+00     1     5 -2.006416E+04 -5.552432E+00
  1.500000E+00     2     2  1.367065E+03  9.933276E+00
  1.500000E+00     2     4  2.006422E+04  5.552965E+00
  1.500000E+00     3     3  2.231455E+03 -7.567080E-08
  1.500000E+00     4     2  2.006371E+04  5.567457E+00
  1.500000E+00     4     4  3.899658E+05  3.112349E+00
  1.500000E+00     5     1 -2.006363E+04 -5.567447E+00
  1.500000E+00     5     5  3.899659E+05  3.112046E+00
  1.500000E+00     6     6  4.725949E-14  4.703311E-14
  2.000000E+00     1     1  1.325524E+03  3.113696E+01
  2.000000E+00     1     5 -1.987167E+04 -3.093796E+01
  2.000000E+00     2     2  1.325531E+03  3.113705E+01
  2.000000E+00     2     4  1.987168E+04  3.093821E+01
  2.000000E+00     3     3  2.229572E+03  3.862588E-09
  2.000000E+00     4     2  1.987122E+04  3.094184E+01
  2.000000E+00     4     4  3.889249E+05  3.074431E+01
  2.000000E+00     5     1 -1.987116E+04 -3.094184E+01
  2.000000E+00     5     5  3.889242E+05  3.074408E+01
  2.000000E+00     6     6  4.012049E-14  4.125077E-14
  2.500000E+00     1     1  1.273974E+03  7.609411E+01
  2.500000E+00     1     5 -1.957625E+04 -1.181350E+02
  2.500000E+00     2     2  1.273973E+03  7.609355E+01
  2.500000E+00     2     4  1.957616E+04  1.181375E+02
  2.500000E+00     3     3  2.228593E+03 -1.557693E-10
  2.500000E+00     4     2  1.957573E+04  1.181391E+02
  2.500000E+00     4     4  3.872876E+05  1.834142E+02
  2.500000E+00     5     1 -1.957572E+04 -1.181399E+02
  2.500000E+00     5     5  3.872885E+05  1.834102E+02
  2.500000E+00     6     6  2.776646E-14  3.962312E-14
  3.000000E+00     1     1  1.223219E+03  1.564169E+02
  3.000000E+00     1     5 -1.916797E+04 -3.498350E+02
  3.000000E+00     2     2  1.223224E+03  1.564166E+02
  3.000000E+00     2     4  1.916796E+04  3.498362E+02
  3.000000E+00     3     3  2.227668E+03  2.961697E-06
  3.000000E+00     4     2  1.916749E+04  3.498267E+02
  3.000000E+00     4     4  3.847677E+05  7.824135E+02
  3.000000E+00     5     1 -1.916749E+04 -3.498260E+02
  3.000000E+00     5     5  3.847690E+05  7.824127E+02
  3.000000E+00     6     6  3.000638E-14  5.193658E-14
  3.500000E+00     1     1  1.195948E+03  2.795816E+02
  3.500000E+00     1     5 -1.870239E+04 -8.535905E+02
  3.500000E+00     2     2  1.195951E+03  2.795822E+02
  3.500000E+00     2     4  1.870237E+04  8.535911E+02
  3.500000E+00     3     3  2.227215E+03  1.435091E-03
  3.500000E+00     4     2  1.870197E+04  8.535737E+02
  3.500000E+00     4     4  3.811810E+05  2.606030E+03
  3.500000E+00     5     1 -1.870197E+04 -8.535724E+02
  3.500000E+00     5     5  3.811825E+05  2.606024E+03
  3.500000E+00     6     6  5.265092E-14  5.248518E-14
  4.000000E+00     1     1  1.225558E+03  4.347267E+02
  4.000000E+00     1     5 -1.837607E+04 -1.739221E+03
  4.000000E+00     2     2  1.225558E+03  4.347272E+02
  4.000000E+00     2     4  1.837609E+04  1.739220E+03
  4.000000E+00     3     3  2.226748E+03  4.112242E-02
  4.000000E+00     4     2  1.837571E+04  1.739226E+03
  4.000000E+00     4     4  3.771010E+05  6.958166E+03
  4.000000E+00     5     1 -1.837564E+04 -1.739224E+03
  4.000000E+00     5     5  3.771023E+05  6.958174E+03
  4.000000E+00     6     6  6.366592E-14  3.144570E-14
  4.500000E+00     1     1  1.335158E+03  5.798819E+02
  4.500000E+00     1     5 -1.850839E+04 -2.915170E+03
  4.500000E+00     2     2  1.335161E+03  5.798807E+02
  4.500000E+00     2     4  1.850839E+04  2.915169E+03
  4.500000E+00     3     3  2.226383E+03  3.258907E-01
  4.500000E+00     4     2  1.850802E+04  2.915185E+03
  4.500000E+00     4     4  3.746397E+05  1.465508E+04
  4.500000E+00     5     1 -1.850802E+04 -2.915191E+03
  4.500000E+00     5     5  3.746408E+05  1.465515E+04
  4.500000E+00     6     6  5.901915E-14  1.543713E-14
  5.000000E+00     1     1  1.505643E+03  6.612374E+02
  5.000000E+00     1     5 -1.926560E+04 -3.996434E+03
  5.000000E+00     2     2  1.505640E+03  6.612360E+02
  5.000000E+00     2     4  1.926542E+04  3.996414E+03
  5.000000E+00     3     3  2.225189E+03  1.201271E+00
  5.000000E+00     4     2  1.926517E+04  3.996419E+03
  5.000000E+00     4     4  3.764469E+05  2.415388E+04
  5.000000E+00     5     1 -1.926512E+04 -3.996431E+03
  5.000000E+00     5     5  3.764479E+05  2.415398E+04
  5.000000E+00     6     6  5.198191E-14  7.590746E-15
  5.500000E+00     1     1  1.683100E+03  6.588768E+02
  5.500000E+00     1     5 -2.043488E+04 -4.597060E+03
  5.500000E+00     2     2  1.683096E+03  6.588757E+02
  5.500000E+00     2     4  2.043483E+04  4.597035E+03
  5.500000E+00     3     3  2.224577E+03  2.711515E+00
  5.500000E+00     4     2  2.043445E+04  4.597046E+03
  5.500000E+00     4     4  3.829150E+05  3.207398E+04
  5.500000E+00     5     1 -2.043438E+04 -4.597057E+03
  5.500000E+00     5     5  3.829162E+05  3.207400E+04
  5.500000E+00     6     6  4.623269E-14  3.879889E-15
  6.000000E+00     1     1  1.824117E+03  5.955629E+02
  6.000000E+00     1     5 -2.163435E+04 -4.639797E+03
  6.000000E+00     2     2  1.824112E+03  5.955580E+02
  6.000000E+00     2     4  2.163429E+04  4.639770E+03
  6.000000E+00     3     3  2.225096E+03  4.393757E+00
  6.000000E+00     4     2  2.163395E+04  4.639770E+03
  6.000000E+00     4     4  3.918392E+05  3.614680E+04
  6.000000E+00     5     1 -2.163400E+04 -4.639795E+03
  6.000000E+00     5     5  3.918390E+05  3.614690E+04
  6.000000E+00     6     6  4.195243E-14  2.057236E-15
  6.500000E+00     1     1  1.916382E+03  5.059191E+02
  6.500000E+00     1     5 -2.261041E+04 -4.289496E+03
  6.500000E+00     2     2  1.916378E+03  5.059162E+02
  6.500000E+00     2     4  2.261032E+04  4.289486E+03
  6.500000E+00     3     3  2.226475E+03  5.624168E+00
  6.500000E+00     4     2  2.260986E+04  4.289504E+03
  6.500000E+00     4     4  4.006511E+05  3.636929E+04
  6.500000E+00     5     1 -2.260991E+04 -4.289512E+03
  6.500000E+00     5     5  4.006516E+05  3.636939E+04
  6.500000E+00     6     6  3.879199E-14  1.125222E-15
  7.000000E+00     1     1  1.967213E+03  4.143681E+02
  7.000000E+00     1     5 -2.329268E+04 -3.750741E+03
  7.000000E+00     2     2  1.967211E+03  4.143674E+02
  7.000000E+00     2     4  2.329271E+04  3.750715E+03
  7.000000E+00     3     3  2.228181E+03  6.027362E+00
  7.000000E+00     4     2  2.329228E+04  3.750707E+03
  7.000000E+00     4     4  4.078867E+05  3.395060E+04
  7.000000E+00     5     1 -2.329221E+04 -3.750709E+03
  7.000000E+00     5     5  4.078864E+05  3.395065E+04
  7.000000E+00     6     6  3.642844E-14  6.322872E-16
  7.500000E+00     1     1  1.989058E+03  3.326303E+02
  7.500000E+00     1     5 -2.371473E+04 -3.168729E+03
  7.500000E+00     2     2  1.989044E+03  3.326295E+02
  7.500000E+00     2     4  2.371457E+04  3.168705E+03
  7.500000E+00     3     3  2.229768E+03  5.596509E+00
  7.500000E+00     4     2  2.371407E+04  3.168704E+03
  7.500000E+00     4     4  4.131369E+05  3.018579E+04
  7.500000E+00     5     1 -2.371409E+04 -3.168717E+03
  7.500000E+00     5     5  4.131385E+05  3.018593E+04
  7.500000E+00     6     6  3.462759E-14  3.641446E-16
  8.000000E+00     1     1  1.992708E+03  2.643432E+02
  8.000000E+00     1     5 -2.394052E+04 -2.622120E+03
  8.000000E+00     2     2  1.992700E+03  2.643426E+02
  8.000000E+00     2     4  2.394051E+04  2.622106E+03
  8.000000E+00     3     3  2.230886E+03  4.577796E+00
  8.000000E+00     4     2  2.394010E+04  2.622099E+03
  8.000000E+00     4     4  4.165894E+05  2.600945E+04
  8.000000E+00     5     1 -2.394013E+04 -2.622106E+03
  8.000000E+00     5     5  4.165902E+05  2.600953E+04
  8.000000E+00     6     6  3.322829E-14  2.144459E-16
  8.500000E+00     1     1  1.985850E+03  2.092519E+02
  8.500000E+00     1     5 -2.403227E+04 -2.144005E+03
  8.500000E+00     2     2  1.985850E+03  2.092516E+02
  8.500000E+00     2     4  2.403234E+04  2.144006E+03
  8.500000E+00     3     3  2.231385E+03  3.301385E+00
  8.500000E+00     4     2  2.403188E+04  2.143994E+03
  8.500000E+00     4     4  4.186289E+05  2.196772E+04
  8.500000E+00     5     1 -2.403186E+04 -2.144000E+03
  8.500000E+00     5     5  4.186292E+05  2.196774E+04
  8.500000E+00     6     6  3.212071E-14  1.290532E-16
  9.000000E+00     1     1  1.973499E+03  1.656102E+02
  9.000000E+00     1     5 -2.403791E+04 -1.742085E+03
  9.000000E+00     2     2  1.973493E+03  1.656095E+02
  9.000000E+00     2     4  2.403783E+04  1.742079E+03
  9.000000E+00     3     3  2.231278E+03  2.058218E+00
  9.000000E+00     4     2  2.403739E+04  1.742061E+03
  9.000000E+00     4     4  4.196433E+05  1.832520E+04
  9.000000E+00     5     1 -2.403741E+04 -1.742066E+03
  9.000000E+00     5     5  4.196437E+05  1.832522E+04
  9.000000E+00     6     6  3.122855E-14  7.919515E-17
  9.500000E+00     1     1  1.958698E+03  1.313468E+02
  9.500000E+00     1     5 -2.399156E+04 -1.411837E+03
  9.500000E+00     2     2  1.958686E+03  1.313467E+02
  9.500000E+00     2     4  2.399160E+04  1.411831E+03
  9.500000E+00     3     3  2.230731E+03  1.046171E+00
  9.500000E+00     4     2  2.399107E+04  1.411821E+03
  9.500000E+00     4     4  4.199592E+05  1.517552E+04
  9.500000E+00     5     1 -2.399111E+04 -1.411827E+03
  9.500000E+00     5     5  4.199599E+05  1.517550E+04
  9.500000E+00     6     6  3.049904E-14  4.954262E-17
  1.000000E+01     1     1  1.943253E+03  1.045387E+02
  1.000000E+01     1     5 -2.391637E+04 -1.144009E+03
  1.000000E+01     2     2  1.943242E+03  1.045384E+02
  1.000000E+01     2     4  2.391641E+04  1.144008E+03
  1.000000E+01     3     3  2.229900E+03  3.657033E-01
  1.000000E+01     4     2  2.391588E+04  1.143999E+03
  1.000000E+01     4     4  4.198250E+05  1.251926E+04
  1.000000E+01     5     1 -2.391598E+04 -1.143998E+03
  1.000000E+01     5     5  4.198258E+05  1.251934E+04
  1.000000E+01     6     6  2.989374E-14  3.156570E-17
  1.050000E+01     1     1  1.928161E+03  8.356091E+01
  1.050000E+01     1     5 -2.382706E+04 -9.283110E+02
  1.050000E+01     2     2  1.928150E+03  8.356133E+01
  1.050000E+01     2     4  2.382710E+04  9.283071E+02
  1.050000E+01     3     3  2.228927E+03  3.864168E-02
  1.050000E+01     4     2  2.382660E+04  9.282961E+02
  1.050000E+01     4     4  4.194143E+05  1.031274E+04
  1.050000E+01     5     1 -2.382652E+04 -9.282966E+02
  1.050000E+01     5     5  4.194153E+05  1.031274E+04
  1.050000E+01     6     6  2.938547E-14  2.042262E-17
  1.100000E+01     1     1  1.913945E+03  6.711132E+01
  1.100000E+01     1     5 -2.373312E+04 -7.551127E+02
  1.100000E+01     2     2  1.913937E+03  6.711085E+01
  1.100000E+01     2     4  2.373315E+04  7.551117E+02
  1.100000E+01     3     3  2.227928E+03  4.151216E-02
  1.100000E+01     4     2  2.373258E+04  7.551022E+02
  1.100000E+01     4     4  4.188462E+05  8.496203E+03
  1.100000E+01     5     1 -2.373253E+04 -7.551025E+02
  1.100000E+01     5     5  4.188454E+05  8.496205E+03
  1.100000E+01     6     6  2.895429E-14  1.340953E-17
  1.150000E+01     1     1  1.900837E+03  5.416474E+01
  1.150000E+01     1     5 -2.363979E+04 -6.161074E+02
  1.150000E+01     2     2  1.900833E+03  5.416453E+01
  1.150000E+01     2     4  2.363983E+04  6.161052E+02
  1.150000E+01     3     3  2.227015E+03  3.158122E-01
  1.150000E+01     4     2  2.363925E+04  6.160968E+02
  1.150000E+01     4     4  4.181983E+05  7.007900E+03
  1.150000E+01     5     1 -2.363921E+04 -6.160994E+02
  1.150000E+01     5     5  4.182002E+05  7.007913E+03
  1.150000E+01     6     6  2.858481E-14  8.972673E-18
  1.200000E+01     1     1  1.888918E+03  4.393224E+01
  1.200000E+01     1     5 -2.355034E+04 -5.044139E+02
  1.200000E+01     2     2  1.888907E+03  4.393218E+01
  1.200000E+01     2     4  2.355033E+04  5.044139E+02
  1.200000E+01     3     3  2.226245E+03  8.114182E-01
  1.200000E+01     4     2  2.354975E+04  5.044065E+02
  1.200000E+01     4     4  4.175242E+05  5.791401E+03
  1.200000E+01     5     1 -2.354985E+04 -5.044064E+02
  1.200000E+01     5     5  4.175246E+05  5.791417E+03
  1.200000E+01     6     6  2.826551E-14  6.019676E-18
  1.250000E+01     1     1  1.878156E+03  3.580764E+01
  1.250000E+01     1     5 -2.346651E+04 -4.144794E+02
  1.250000E+01     2     2  1.878147E+03  3.580754E+01
  1.250000E+01     2     4  2.346647E+04  4.144778E+02
  1.250000E+01     3     3  2.225633E+03  1.449091E+00
  1.250000E+01     4     2  2.346589E+04  4.144722E+02
  1.250000E+01     4     4  4.168575E+05  4.797592E+03
  1.250000E+01     5     1 -2.346592E+04 -4.144726E+02
  1.250000E+01     5     5  4.168577E+05  4.797596E+03
  1.250000E+01     6     6  2.798749E-14  4.156641E-18
  1.300000E+01     1     1  1.868482E+03  2.932715E+01
  1.300000E+01     1     5 -2.338887E+04 -3.418786E+02
  1.300000E+01     2     2  1.868473E+03  2.932701E+01
  1.300000E+01     2     4  2.338888E+04  3.418769E+02
  1.300000E+01     3     3  2.225167E+03  2.186686E+00
  1.300000E+01     4     2  2.338832E+04  3.418721E+02
  1.300000E+01     4     4  4.162118E+05  3.985356E+03
  1.300000E+01     5     1 -2.338829E+04 -3.418714E+02
  1.300000E+01     5     5  4.162119E+05  3.985354E+03
  1.300000E+01     6     6  2.774361E-14  2.892985E-18
  1.350000E+01     1     1  1.859801E+03  2.413577E+01
  1.350000E+01     1     5 -2.331764E+04 -2.831173E+02
  1.350000E+01     2     2  1.859792E+03  2.413569E+01
  1.350000E+01     2     4  2.331765E+04  2.831154E+02
  1.350000E+01     3     3  2.224861E+03  2.972028E+00
  1.350000E+01     4     2  2.331707E+04  2.831121E+02
  1.350000E+01     4     4  4.156042E+05  3.320942E+03
  1.350000E+01     5     1 -2.331703E+04 -2.831120E+02
  1.350000E+01     5     5  4.156043E+05  3.320957E+03
  1.350000E+01     6     6  2.752870E-14  2.025781E-18
  1.400000E+01     1     1  1.852019E+03  1.996086E+01
  1.400000E+01     1     5 -2.325274E+04 -2.354344E+02
  1.400000E+01     2     2  1.852006E+03  1.996089E+01
  1.400000E+01     2     4  2.325269E+04  2.354344E+02
  1.400000E+01     3     3  2.224747E+03  3.758205E+00
  1.400000E+01     4     2  2.325211E+04  2.354303E+02
  1.400000E+01     4     4  4.150346E+05  2.776849E+03
  1.400000E+01     5     1 -2.325213E+04 -2.354304E+02
  1.400000E+01     5     5  4.150350E+05  2.776860E+03
  1.400000E+01     6     6  2.733786E-14  1.447537E-18
  1.450000E+01     1     1  1.845050E+03  1.659159E+01
  1.450000E+01     1     5 -2.319369E+04 -1.966513E+02
  1.450000E+01     2     2  1.845037E+03  1.659158E+01
  1.450000E+01     2     4  2.319361E+04  1.966510E+02
  1.450000E+01     3     3  2.224712E+03  4.525043E+00
  1.450000E+01     4     2  2.319299E+04  1.966478E+02
  1.450000E+01     4     4  4.145064E+05  2.330759E+03
  1.450000E+01     5     1 -2.319299E+04 -1.966485E+02
  1.450000E+01     5     5  4.145072E+05  2.330755E+03
  1.450000E+01     6     6  2.716796E-14  1.058708E-18
  1.500000E+01     1     1  1.838793E+03  1.386356E+01
  1.500000E+01     1     5 -2.314020E+04 -1.650326E+02
  1.500000E+01     2     2  1.838780E+03  1.386353E+01
  1.500000E+01     2     4  2.314009E+04  1.650332E+02
  1.500000E+01     3     3  2.224781E+03  5.245707E+00
  1.500000E+01     4     2  2.313946E+04  1.650311E+02
  1.500000E+01     4     4  4.140237E+05  1.964538E+03
  1.500000E+01     5     1 -2.313945E+04 -1.650306E+02
  1.500000E+01     5     5  4.140237E+05  1.964543E+03
  1.500000E+01     6     6  2.701574E-14  7.633955E-19
  1.550000E+01     1     1  1.833184E+03  1.164777E+01
  1.550000E+01     1     5 -2.309159E+04 -1.391982E+02
  1.550000E+01     2     2  1.833174E+03  1.164777E+01
  1.550000E+01     2     4  2.309164E+04  1.391971E+02
  1.550000E+01     3     3  2.225003E+03  5.914429E+00
  1.550000E+01     4     2  2.309112E+04  1.391954E+02
  1.550000E+01     4     4  4.135800E+05  1.663463E+03
  1.550000E+01     5     1 -2.309108E+04 -1.391959E+02
  1.550000E+01     5     5  4.135797E+05  1.663465E+03
  1.550000E+01     6     6  2.687877E-14  5.528731E-19
  1.600000E+01     1     1  1.828140E+03  9.842371E+00
  1.600000E+01     1     5 -2.304777E+04 -1.180352E+02
  1.600000E+01     2     2  1.828130E+03  9.842348E+00
  1.600000E+01     2     4  2.304778E+04  1.180350E+02
  1.600000E+01     3     3  2.225261E+03  6.515799E+00
  1.600000E+01     4     2  2.304715E+04  1.180324E+02
  1.600000E+01     4     4  4.131735E+05  1.415516E+03
  1.600000E+01     5     1 -2.304708E+04 -1.180324E+02
  1.600000E+01     5     5  4.131736E+05  1.415512E+03
  1.600000E+01     6     6  2.675519E-14  4.474619E-19
  1.650000E+01     1     1  1.823598E+03  8.366409E+00
  1.650000E+01     1     5 -2.300816E+04 -1.006522E+02
  1.650000E+01     2     2  1.823590E+03  8.366377E+00
  1.650000E+01     2     4  2.300810E+04  1.006520E+02
  1.650000E+01     3     3  2.225601E+03  7.049307E+00
  1.650000E+01     4     2  2.300742E+04  1.006505E+02
  1.650000E+01     4     4  4.128036E+05  1.210879E+03
  1.650000E+01     5     1 -2.300749E+04 -1.006503E+02
  1.650000E+01     5     5  4.128037E+05  1.210885E+03
  1.650000E+01     6     6  2.664324E-14  3.066096E-19
  1.700000E+01     1     1  1.819521E+03  7.155314E+00
  1.700000E+01     1     5 -2.297223E+04 -8.632850E+01
  1.700000E+01     2     2  1.819506E+03  7.155280E+00
  1.700000E+01     2     4  2.297226E+04  8.632854E+01
  1.700000E+01     3     3  2.225951E+03  7.519387E+00
  1.700000E+01     4     2  2.297159E+04  8.632748E+01
  1.700000E+01     4     4  4.124680E+05  1.041542E+03
  1.700000E+01     5     1 -2.297146E+04 -8.632735E+01
  1.700000E+01     5     5  4.124677E+05  1.041543E+03
  1.700000E+01     6     6  2.654133E-14  2.641006E-19
  1.750000E+01     1     1  1.815819E+03  6.157493E+00
  1.750000E+01     1     5 -2.293982E+04 -7.448358E+01
  1.750000E+01     2     2  1.815811E+03  6.157485E+00
  1.750000E+01     2     4  2.293982E+04  7.448360E+01
  1.750000E+01     3     3  2.226296E+03  7.933228E+00
  1.750000E+01     4     2  2.293920E+04  7.448285E+01
  1.750000E+01     4     4  4.121633E+05  9.009705E+02
  1.750000E+01     5     1 -2.293914E+04 -7.448283E+01
  1.750000E+01     5     5  4.121642E+05  9.009703E+02
  1.750000E+01     6     6  2.644852E-14  1.997710E-19
  1.800000E+01     1     1  1.812486E+03  5.331805E+00
  1.800000E+01     1     5 -2.291039E+04 -6.464912E+01
  1.800000E+01     2     2  1.812476E+03  5.331808E+00
  1.800000E+01     2     4  2.291039E+04  6.464908E+01
  1.800000E+01     3     3  2.226654E+03  8.289208E+00
  1.800000E+01     4     2  2.290974E+04  6.464796E+01
  1.800000E+01     4     4  4.118852E+05  7.838621E+02
  1.800000E+01     5     1 -2.290978E+04 -6.464742E+01
  1.800000E+01     5     5  4.118863E+05  7.838615E+02
  1.800000E+01     6     6  2.636363E-14  1.471433E-19
  1.850000E+01     1     1  1.809452E+03  4.645255E+00
  1.850000E+01     1     5 -2.288371E+04 -5.644664E+01
  1.850000E+01     2     2  1.809446E+03  4.645255E+00
  1.850000E+01     2     4  2.288371E+04  5.644637E+01
  1.850000E+01     3     3  2.227058E+03  8.595285E+00
  1.850000E+01     4     2  2.288308E+04  5.644556E+01
  1.850000E+01     4     4  4.116344E+05  6.858918E+02
  1.850000E+01     5     1 -2.288305E+04 -5.644556E+01
  1.850000E+01     5     5  4.116352E+05  6.858936E+02
  1.850000E+01     6     6  2.628568E-14  1.265467E-19
  1.900000E+01     1     1  1.806708E+03  4.071563E+00
  1.900000E+01     1     5 -2.285950E+04 -4.957322E+01
  1.900000E+01     2     2  1.806700E+03  4.071572E+00
  1.900000E+01     2     4  2.285944E+04  4.957318E+01
  1.900000E+01     3     3  2.227441E+03  8.850687E+00
  1.900000E+01     4     2  2.285879E+04  4.957254E+01
  1.900000E+01     4     4  4.114046E+05  6.035726E+02
  1.900000E+01     5     1 -2.285868E+04 -4.957257E+01
  1.900000E+01     5     5  4.114046E+05  6.035742E+02
  1.900000E+01     6     6  2.621422E-14  1.009583E-19
  1.950000E+01     1     1  1.804206E+03  3.589630E+00
  1.950000E+01     1     5 -2.283729E+04 -4.378481E+01
  1.950000E+01     2     2  1.804187E+03  3.589604E+00
  1.950000E+01     2     4  2.283724E+04  4.378497E+01
  1.950000E+01     3     3  2.227766E+03  9.076262E+00
  1.950000E+01     4     2  2.283667E+04  4.378429E+01
  1.950000E+01     4     4  4.111945E+05  5.340657E+02
  1.950000E+01     5     1 -2.283673E+04 -4.378415E+01
  1.950000E+01     5     5  4.111948E+05  5.340659E+02
  1.950000E+01     6     6  2.614822E-14  8.000544E-20
  2.000000E+01     1     1  1.801914E+03  3.182579E+00
  2.000000E+01     1     5 -2.281716E+04 -3.888494E+01
  2.000000E+01     2     2  1.801904E+03  3.182577E+00
  2.000000E+01     2     4  2.281714E+04  3.888500E+01
  2.000000E+01     3     3  2.228134E+03  9.275149E+00
  2.000000E+01     4     2  2.281650E+04  3.888439E+01
  2.000000E+01     4     4  4.110032E+05  4.750910E+02
  2.000000E+01     5     1 -2.281650E+04 -3.888434E+01
  2.000000E+01     5     5  4.110031E+05  4.750897E+02
  2.000000E+01     6     6  2.608720E-14  7.693825E-20
  2.050000E+01     1     1  1.799828E+03  2.836941E+00
  2.050000E+01     1     5 -2.279870E+04 -3.471559E+01
  2.050000E+01     2     2  1.799811E+03  2.836938E+00
  2.050000E+01     2     4  2.279868E+04  3.471553E+01
  2.050000E+01     3     3  2.228443E+03  9.427181E+00
  2.050000E+01     4     2  2.279803E+04  3.471506E+01
  2.050000E+01     4     4  4.108280E+05  4.248061E+02
  2.050000E+01     5     1 -2.279807E+04 -3.471519E+01
  2.050000E+01     5     5  4.108274E+05  4.248055E+02
  2.050000E+01     6     6  2.603080E-14  6.535175E-20
  2.100000E+01     1     1  1.797905E+03  2.541825E+00
  2.100000E+01     1     5 -2.278183E+04 -3.114877E+01
  2.100000E+01     2     2  1.797897E+03  2.541826E+00
  2.100000E+01     2     4  2.278183E+04  3.114862E+01
  2.100000E+01     3     3  2.228790E+03  9.569811E+00
  2.100000E+01     4     2  2.278124E+04  3.114797E+01
  2.100000E+01     4     4  4.106672E+05  3.817011E+02
  2.100000E+01     5     1 -2.278127E+04 -3.114798E+01
  2.100000E+01     5     5  4.106674E+05  3.817014E+02
  2.100000E+01     6     6  2.597851E-14  3.568780E-20
  2.150000E+01     1     1  1.796146E+03  2.288513E+00
  2.150000E+01     1     5 -2.276637E+04 -2.808158E+01
  2.150000E+01     2     2  1.796132E+03  2.288516E+00
  2.150000E+01     2     4  2.276629E+04  2.808144E+01
  2.150000E+01     3     3  2.229109E+03  9.684992E+00
  2.150000E+01     4     2  2.276569E+04  2.808095E+01
  2.150000E+01     4     4  4.105207E+05  3.445706E+02
  2.150000E+01     5     1 -2.276570E+04 -2.808086E+01
  2.150000E+01     5     5  4.105213E+05  3.445707E+02
  2.150000E+01     6     6  2.592982E-14  4.044282E-20
  2.200000E+01     1     1  1.794524E+03  2.069943E+00
  2.200000E+01     1     5 -2.275207E+04 -2.543052E+01
  2.200000E+01     2     2  1.794511E+03  2.069943E+00
  2.200000E+01     2     4  2.275210E+04  2.543041E+01
  2.200000E+01     3     3  2.229431E+03  9.785360E+00
  2.200000E+01     4     2  2.275137E+04  2.543010E+01
  2.200000E+01     4     4  4.103849E+05  3.124242E+02
  2.200000E+01     5     1 -2.275135E+04 -2.543023E+01
  2.200000E+01     5     5  4.103862E+05  3.124242E+02
  2.200000E+01     6     6  2.588458E-14  2.174489E-20
  2.250000E+01     1     1  1.793024E+03  1.880367E+00
  2.250000E+01     1     5 -2.273891E+04 -2.312767E+01
  2.250000E+01     2     2  1.793014E+03  1.880358E+00
  2.250000E+01     2     4  2.273887E+04  2.312759E+01
  2.250000E+01     3     3  2.229699E+03  9.874423E+00
  2.250000E+01     4     2  2.273819E+04  2.312729E+01
  2.250000E+01     4     4  4.102602E+05  2.844559E+02
  2.250000E+01     5     1 -2.273818E+04 -2.312722E+01
  2.250000E+01     5     5  4.102599E+05  2.844572E+02
  2.250000E+01     6     6  2.584233E-14  3.255247E-20
  2.300000E+01     1     1  1.791642E+03  1.715130E+00
  2.300000E+01     1     5 -2.272672E+04 -2.111749E+01
  2.300000E+01     2     2  1.791627E+03  1.715116E+00
  2.300000E+01     2     4  2.272672E+04  2.111758E+01
  2.300000E+01     3     3  2.229964E+03  9.942806E+00
  2.300000E+01     4     2  2.272602E+04  2.111730E+01
  2.300000E+01     4     4  4.101461E+05  2.600104E+02
  2.300000E+01     5     1 -2.272599E+04 -2.111726E+01
  2.300000E+01     5     5  4.101460E+05  2.600094E+02
  2.300000E+01     6     6  2.580294E-14 -6.872680E-22
  2.350000E+01     1     1  1.790351E+03  1.570394E+00
  2.350000E+01     1     5 -2.271549E+04 -1.935475E+01
  2.350000E+01     2     2  1.790343E+03  1.570395E+00
  2.350000E+01     2     4  2.271538E+04  1.935471E+01
  2.350000E+01     3     3  2.230221E+03  1.000185E+01
  2.350000E+01     4     2  2.271484E+04  1.935449E+01
  2.350000E+01     4     4  4.100389E+05  2.385389E+02
  2.350000E+01     5     1 -2.271481E+04 -1.935443E+01
  2.350000E+01     5     5  4.100389E+05  2.385379E+02
  2.350000E+01     6     6  2.576600E-14  2.663948E-20
  2.400000E+01     1     1  1.789159E+03  1.443063E+00
  2.400000E+01     1     5 -2.270504E+04 -1.780178E+01
  2.400000E+01     2     2  1.789148E+03  1.443065E+00
  2.400000E+01     2     4  2.270498E+04  1.780177E+01
  2.400000E+01     3     3  2.230484E+03  1.006372E+01
  2.400000E+01     4     2  2.270439E+04  1.780151E+01
  2.400000E+01     4     4  4.099404E+05  2.196006E+02
  2.400000E+01     5     1 -2.270443E+04 -1.780159E+01
  2.400000E+01     5     5  4.099397E+05  2.196009E+02
  2.400000E+01     6     6  2.573145E-14  2.118582E-21
  2.450000E+01     1     1  1.788048E+03  1.330525E+00
  2.450000E+01     1     5 -2.269539E+04 -1.642765E+01
  2.450000E+01     2     2  1.788035E+03  1.330522E+00
  2.450000E+01     2     4  2.269526E+04  1.642764E+01
  2.450000E+01     3     3  2.230742E+03  1.010925E+01
  2.450000E+01     4     2  2.269473E+04  1.642740E+01
  2.450000E+01     4     4  4.098485E+05  2.028230E+02
  2.450000E+01     5     1 -2.269475E+04 -1.642745E+01
  2.450000E+01     5     5  4.098500E+05  2.028241E+02
  2.450000E+01     6     6  2.569907E-14  1.811359E-20
  2.500000E+01     1     1  1.787013E+03  1.230668E+00
  2.500000E+01     1     5 -2.268635E+04 -1.520712E+01
  2.500000E+01     2     2  1.787007E+03  1.230669E+00
  2.500000E+01     2     4  2.268621E+04  1.520703E+01
  2.500000E+01     3     3  2.230965E+03  1.014434E+01
  2.500000E+01     4     2  2.268568E+04  1.520676E+01
  2.500000E+01     4     4  4.097631E+05  1.879066E+02
  2.500000E+01     5     1 -2.268558E+04 -1.520673E+01
  2.500000E+01     5     5  4.097636E+05  1.879053E+02
  2.500000E+01     6     6  2.566858E-14  1.088918E-20
  2.550000E+01     1     1  1.786054E+03  1.141682E+00
  2.550000E+01     1     5 -2.267792E+04 -1.411819E+01
  2.550000E+01     2     2  1.786035E+03  1.141686E+00
  2.550000E+01     2     4  2.267787E+04  1.411814E+01
  2.550000E+01     3     3  2.231208E+03  1.017886E+01
  2.550000E+01     4     2  2.267722E+04  1.411792E+01
  2.550000E+01     4     4  4.096846E+05  1.745835E+02
  2.550000E+01     5     1 -2.267720E+04 -1.411780E+01
  2.550000E+01     5     5  4.096850E+05  1.745830E+02
  2.550000E+01     6     6  2.563993E-14 -4.170645E-23
  2.600000E+01     1     1  1.785149E+03  1.062095E+00
  2.600000E+01     1     5 -2.267001E+04 -1.314333E+01
  2.600000E+01     2     2  1.785130E+03  1.062096E+00
  2.600000E+01     2     4  2.266992E+04  1.314331E+01
  2.600000E+01     3     3  2.231403E+03  1.020536E+01
  2.600000E+01     4     2  2.266942E+04  1.314313E+01
  2.600000E+01     4     4  4.096113E+05  1.626447E+02
  2.600000E+01     5     1 -2.266944E+04 -1.314313E+01
  2.600000E+01     5     5  4.096108E+05  1.626435E+02
  2.600000E+01     6     6  2.561295E-14 -2.824283E-21
  2.650000E+01     1     1  1.784299E+03  9.906503E-01
  2.650000E+01     1     5 -2.266271E+04 -1.226735E+01
  2.650000E+01     2     2  1.784286E+03  9.906471E-01
  2.650000E+01     2     4  2.266258E+04  1.226736E+01
  2.650000E+01     3     3  2.231572E+03  1.023378E+01
  2.650000E+01     4     2  2.266205E+04  1.226716E+01
  2.650000E+01     4     4  4.095409E+05  1.519061E+02
  2.650000E+01     5     1 -2.266203E+04 -1.226723E+01
  2.650000E+01     5     5  4.095422E+05  1.519062E+02
  2.650000E+01     6     6  2.558744E-14 -3.513944E-21
  2.700000E+01     1     1  1.783504E+03  9.262893E-01
  2.700000E+01     1     5 -2.265581E+04 -1.147755E+01
  2.700000E+01     2     2  1.783495E+03  9.262843E-01
  2.700000E+01     2     4  2.265567E+04  1.147756E+01
  2.700000E+01     3     3  2.231813E+03  1.025235E+01
  2.700000E+01     4     2  2.265511E+04  1.147735E+01
  2.700000E+01     4     4  4.094756E+05  1.422161E+02
  2.700000E+01     5     1 -2.265509E+04 -1.147739E+01
  2.700000E+01     5     5  4.094763E+05  1.422163E+02
  2.700000E+01     6     6  2.556343E-14 -7.510301E-21
  2.750000E+01     1     1  1.782760E+03  8.681154E-01
  2.750000E+01     1     5 -2.264929E+04 -1.076310E+01
  2.750000E+01     2     2  1.782748E+03  8.681125E-01
  2.750000E+01     2     4  2.264920E+04  1.076315E+01
  2.750000E+01     3     3  2.232016E+03  1.027208E+01
  2.750000E+01     4     2  2.264864E+04  1.076296E+01
  2.750000E+01     4     4  4.094139E+05  1.334427E+02
  2.750000E+01     5     1 -2.264867E+04 -1.076298E+01
  2.750000E+01     5     5  4.094143E+05  1.334427E+02
  2.750000E+01     6     6  2.554078E-14 -3.413521E-21
  2.800000E+01     1     1  1.782055E+03  8.153673E-01
  2.800000E+01     1     5 -2.264318E+04 -1.011485E+01
  2.800000E+01     2     2  1.782042E+03  8.153682E-01
  2.800000E+01     2     4  2.264308E+04  1.011489E+01
  2.800000E+01     3     3  2.232206E+03  1.029078E+01
  2.800000E+01     4     2  2.264250E+04  1.011465E+01
  2.800000E+01     4     4  4.093573E+05  1.254763E+02
  2.800000E+01     5     1 -2.264250E+04 -1.011466E+01
  2.800000E+01     5     5  4.093576E+05  1.254755E+02
  2.800000E+01     6     6  2.551924E-14  1.080340E-20
  2.850000E+01     1     1  1.781396E+03  7.674035E-01
  2.850000E+01     1     5 -2.263748E+04 -9.524900E+00
  2.850000E+01     2     2  1.781385E+03  7.674029E-01
  2.850000E+01     2     4  2.263737E+04  9.524900E+00
  2.850000E+01     3     3  2.232348E+03  1.029717E+01
  2.850000E+01     4     2  2.263684E+04  9.524760E+00
  2.850000E+01     4     4  4.093034E+05  1.182188E+02
  2.850000E+01     5     1 -2.263685E+04 -9.524726E+00
  2.850000E+01     5     5  4.093035E+05  1.182187E+02
  2.850000E+01     6     6  2.549894E-14  1.098965E-20
  2.900000E+01     1     1  1.780781E+03  7.236627E-01
  2.900000E+01     1     5 -2.263209E+04 -8.986508E+00
  2.900000E+01     2     2  1.780757E+03  7.236624E-01
  2.900000E+01     2     4  2.263197E+04  8.986466E+00
  2.900000E+01     3     3  2.232521E+03  1.031213E+01
  2.900000E+01     4     2  2.263135E+04  8.986369E+00
  2.900000E+01     4     4  4.092527E+05  1.115925E+02
  2.900000E+01     5     1 -2.263132E+04 -8.986400E+00
  2.900000E+01     5     5  4.092515E+05  1.115925E+02
  2.900000E+01     6     6  2.547963E-14 -5.878537E-21
  2.950000E+01     1     1  1.780180E+03  6.836608E-01
  2.950000E+01     1     5 -2.262695E+04 -8.493793E+00
  2.950000E+01     2     2  1.780174E+03  6.836596E-01
  2.950000E+01     2     4  2.262684E+04  8.493753E+00
  2.950000E+01     3     3  2.232701E+03  1.032304E+01
  2.950000E+01     4     2  2.262626E+04  8.493687E+00
  2.950000E+01     4     4  4.092042E+05  1.055242E+02
  2.950000E+01     5     1 -2.262627E+04 -8.493685E+00
  2.950000E+01     5     5  4.092036E+05  1.055244E+02
  2.950000E+01     6     6  2.546132E-14 -9.790273E-21
  3.000000E+01     1     1  1.779628E+03  6.470013E-01
  3.000000E+01     1     5 -2.262201E+04 -8.041934E+00
  3.000000E+01     2     2  1.779616E+03  6.469991E-01
  3.000000E+01     2     4  2.262205E+04  8.041910E+00
  3.000000E+01     3     3  2.232875E+03  1.033079E+01
  3.000000E+01     4     2  2.262153E+04  8.041765E+00
  3.000000E+01     4     4  4.091586E+05  9.995525E+01
  3.000000E+01     5     1 -2.262150E+04 -8.041776E+00
  3.000000E+01     5     5  4.091576E+05  9.995615E+01
  3.000000E+01     6     6  2.544394E-14  1.751379E-21
  3.050000E+01     1     1  1.779099E+03  6.132922E-01
  3.050000E+01     1     5 -2.261761E+04 -7.626233E+00
  3.050000E+01     2     2  1.779088E+03  6.132934E-01
  3.050000E+01     2     4  2.261747E+04  7.626201E+00
  3.050000E+01     3     3  2.232994E+03  1.033616E+01
  3.050000E+01     4     2  2.261693E+04  7.626117E+00
  3.050000E+01     4     4  4.091162E+05  9.482915E+01
  3.050000E+01     5     1 -2.261689E+04 -7.626019E+00
  3.050000E+01     5     5  4.091156E+05  9.482908E+01
  3.050000E+01     6     6  2.542744E-14  2.028894E-21
