-1.00E+00	1	1	0	
-1.00E+00	1	5	0	
-1.00E+00	2	2	0	
-1.00E+00	2	4	0	
-1.00E+00	3	3	43.70731707	
-1.00E+00	4	2	0	
-1.00E+00	4	4	0	
-1.00E+00	5	1	0	
-1.00E+00	5	5	0	
-1.00E+00	6	6	0	
0.00E+00	1	1	0	
0.00E+00	1	5	0	
0.00E+00	2	2	0	
0.00E+00	2	4	0	
0.00E+00	3	3	43.70731707	
0.00E+00	4	2	0	
0.00E+00	4	4	0	
0.00E+00	5	1	0	
0.00E+00	5	5	0	
0.00E+00	6	6	0	
5.00E-01	1	1	0	0.00E+00
5.00E-01	1	5	0	0.00E+00
5.00E-01	2	2	0	0.00E+00
5.00E-01	2	4	0	0.00E+00
5.00E-01	3	3	43.70731707	0.00E+00
5.00E-01	4	2	0	0.00E+00
5.00E-01	4	4	0	0.00E+00
5.00E-01	5	1	0	0.00E+00
5.00E-01	5	5	0	0.00E+00
5.00E-01	6	6	0	0.00E+00
1.00E+00	1	1	0	0.00E+00
1.00E+00	1	5	0	0.00E+00
1.00E+00	2	2	0	0.00E+00
1.00E+00	2	4	0	0.00E+00
1.00E+00	3	3	43.70731707	0.00E+00
1.00E+00	4	2	0	0.00E+00
1.00E+00	4	4	0	0.00E+00
1.00E+00	5	1	0	0.00E+00
1.00E+00	5	5	0	0.00E+00
1.00E+00	6	6	0	0.00E+00
1.50E+00	1	1	0	0.00E+00
1.50E+00	1	5	0	0.00E+00
1.50E+00	2	2	0	0.00E+00
1.50E+00	2	4	0	0.00E+00
1.50E+00	3	3	43.70731707	0.00E+00
1.50E+00	4	2	0	0.00E+00
1.50E+00	4	4	0	0.00E+00
1.50E+00	5	1	0	0.00E+00
1.50E+00	5	5	0	0.00E+00
1.50E+00	6	6	0	0.00E+00
2.00E+00	1	1	0	0.00E+00
2.00E+00	1	5	0	0.00E+00
2.00E+00	2	2	0	0.00E+00
2.00E+00	2	4	0	0.00E+00
2.00E+00	3	3	43.70731707	0.00E+00
2.00E+00	4	2	0	0.00E+00
2.00E+00	4	4	0	0.00E+00
2.00E+00	5	1	0	0.00E+00
2.00E+00	5	5	0	0.00E+00
2.00E+00	6	6	0	0.00E+00
2.50E+00	1	1	0	0.00E+00
2.50E+00	1	5	0	0.00E+00
2.50E+00	2	2	0	0.00E+00
2.50E+00	2	4	0	0.00E+00
2.50E+00	3	3	43.70731707	0.00E+00
2.50E+00	4	2	0	0.00E+00
2.50E+00	4	4	0	0.00E+00
2.50E+00	5	1	0	0.00E+00
2.50E+00	5	5	0	0.00E+00
2.50E+00	6	6	0	0.00E+00
3.00E+00	1	1	0	0.00E+00
3.00E+00	1	5	0	0.00E+00
3.00E+00	2	2	0	0.00E+00
3.00E+00	2	4	0	0.00E+00
3.00E+00	3	3	43.70731707	0.00E+00
3.00E+00	4	2	0	0.00E+00
3.00E+00	4	4	0	0.00E+00
3.00E+00	5	1	0	0.00E+00
3.00E+00	5	5	0	0.00E+00
3.00E+00	6	6	0	0.00E+00
3.50E+00	1	1	0	0.00E+00
3.50E+00	1	5	0	0.00E+00
3.50E+00	2	2	0	0.00E+00
3.50E+00	2	4	0	0.00E+00
3.50E+00	3	3	43.70731707	0.00E+00
3.50E+00	4	2	0	0.00E+00
3.50E+00	4	4	0	0.00E+00
3.50E+00	5	1	0	0.00E+00
3.50E+00	5	5	0	0.00E+00
3.50E+00	6	6	0	0.00E+00
4.00E+00	1	1	0	0.00E+00
4.00E+00	1	5	0	0.00E+00
4.00E+00	2	2	0	0.00E+00
4.00E+00	2	4	0	0.00E+00
4.00E+00	3	3	43.70731707	0.00E+00
4.00E+00	4	2	0	0.00E+00
4.00E+00	4	4	0	0.00E+00
4.00E+00	5	1	0	0.00E+00
4.00E+00	5	5	0	0.00E+00
4.00E+00	6	6	0	0.00E+00
4.50E+00	1	1	0	0.00E+00
4.50E+00	1	5	0	0.00E+00
4.50E+00	2	2	0	0.00E+00
4.50E+00	2	4	0	0.00E+00
4.50E+00	3	3	43.70731707	0.00E+00
4.50E+00	4	2	0	0.00E+00
4.50E+00	4	4	0	0.00E+00
4.50E+00	5	1	0	0.00E+00
4.50E+00	5	5	0	0.00E+00
4.50E+00	6	6	0	0.00E+00
5.00E+00	1	1	0	0.00E+00
5.00E+00	1	5	0	0.00E+00
5.00E+00	2	2	0	0.00E+00
5.00E+00	2	4	0	0.00E+00
5.00E+00	3	3	43.70731707	0.00E+00
5.00E+00	4	2	0	0.00E+00
5.00E+00	4	4	0	0.00E+00
5.00E+00	5	1	0	0.00E+00
5.00E+00	5	5	0	0.00E+00
5.00E+00	6	6	0	0.00E+00
5.50E+00	1	1	0	0.00E+00
5.50E+00	1	5	0	0.00E+00
5.50E+00	2	2	0	0.00E+00
5.50E+00	2	4	0	0.00E+00
5.50E+00	3	3	43.70731707	0.00E+00
5.50E+00	4	2	0	0.00E+00
5.50E+00	4	4	0	0.00E+00
5.50E+00	5	1	0	0.00E+00
5.50E+00	5	5	0	0.00E+00
5.50E+00	6	6	0	0.00E+00
6.00E+00	1	1	0	0.00E+00
6.00E+00	1	5	0	0.00E+00
6.00E+00	2	2	0	0.00E+00
6.00E+00	2	4	0	0.00E+00
6.00E+00	3	3	43.70731707	0.00E+00
6.00E+00	4	2	0	0.00E+00
6.00E+00	4	4	0	0.00E+00
6.00E+00	5	1	0	0.00E+00
6.00E+00	5	5	0	0.00E+00
6.00E+00	6	6	0	0.00E+00
6.50E+00	1	1	0	0.00E+00
6.50E+00	1	5	0	0.00E+00
6.50E+00	2	2	0	0.00E+00
6.50E+00	2	4	0	0.00E+00
6.50E+00	3	3	43.70731707	0.00E+00
6.50E+00	4	2	0	0.00E+00
6.50E+00	4	4	0	0.00E+00
6.50E+00	5	1	0	0.00E+00
6.50E+00	5	5	0	0.00E+00
6.50E+00	6	6	0	0.00E+00
7.00E+00	1	1	0	0.00E+00
7.00E+00	1	5	0	0.00E+00
7.00E+00	2	2	0	0.00E+00
7.00E+00	2	4	0	0.00E+00
7.00E+00	3	3	43.70731707	0.00E+00
7.00E+00	4	2	0	0.00E+00
7.00E+00	4	4	0	0.00E+00
7.00E+00	5	1	0	0.00E+00
7.00E+00	5	5	0	0.00E+00
7.00E+00	6	6	0	0.00E+00
7.50E+00	1	1	0	0.00E+00
7.50E+00	1	5	0	0.00E+00
7.50E+00	2	2	0	0.00E+00
7.50E+00	2	4	0	0.00E+00
7.50E+00	3	3	43.70731707	0.00E+00
7.50E+00	4	2	0	0.00E+00
7.50E+00	4	4	0	0.00E+00
7.50E+00	5	1	0	0.00E+00
7.50E+00	5	5	0	0.00E+00
7.50E+00	6	6	0	0.00E+00
8.00E+00	1	1	0	0.00E+00
8.00E+00	1	5	0	0.00E+00
8.00E+00	2	2	0	0.00E+00
8.00E+00	2	4	0	0.00E+00
8.00E+00	3	3	43.70731707	0.00E+00
8.00E+00	4	2	0	0.00E+00
8.00E+00	4	4	0	0.00E+00
8.00E+00	5	1	0	0.00E+00
8.00E+00	5	5	0	0.00E+00
8.00E+00	6	6	0	0.00E+00
8.50E+00	1	1	0	0.00E+00
8.50E+00	1	5	0	0.00E+00
8.50E+00	2	2	0	0.00E+00
8.50E+00	2	4	0	0.00E+00
8.50E+00	3	3	43.70731707	0.00E+00
8.50E+00	4	2	0	0.00E+00
8.50E+00	4	4	0	0.00E+00
8.50E+00	5	1	0	0.00E+00
8.50E+00	5	5	0	0.00E+00
8.50E+00	6	6	0	0.00E+00
9.00E+00	1	1	0	0.00E+00
9.00E+00	1	5	0	0.00E+00
9.00E+00	2	2	0	0.00E+00
9.00E+00	2	4	0	0.00E+00
9.00E+00	3	3	43.70731707	0.00E+00
9.00E+00	4	2	0	0.00E+00
9.00E+00	4	4	0	0.00E+00
9.00E+00	5	1	0	0.00E+00
9.00E+00	5	5	0	0.00E+00
9.00E+00	6	6	0	0.00E+00
9.50E+00	1	1	0	0.00E+00
9.50E+00	1	5	0	0.00E+00
9.50E+00	2	2	0	0.00E+00
9.50E+00	2	4	0	0.00E+00
9.50E+00	3	3	43.70731707	0.00E+00
9.50E+00	4	2	0	0.00E+00
9.50E+00	4	4	0	0.00E+00
9.50E+00	5	1	0	0.00E+00
9.50E+00	5	5	0	0.00E+00
9.50E+00	6	6	0	0.00E+00
1.00E+01	1	1	0	0.00E+00
1.00E+01	1	5	0	0.00E+00
1.00E+01	2	2	0	0.00E+00
1.00E+01	2	4	0	0.00E+00
1.00E+01	3	3	43.70731707	0.00E+00
1.00E+01	4	2	0	0.00E+00
1.00E+01	4	4	0	0.00E+00
1.00E+01	5	1	0	0.00E+00
1.00E+01	5	5	0	0.00E+00
1.00E+01	6	6	0	0.00E+00
1.05E+01	1	1	0	0.00E+00
1.05E+01	1	5	0	0.00E+00
1.05E+01	2	2	0	0.00E+00
1.05E+01	2	4	0	0.00E+00
1.05E+01	3	3	43.70731707	0.00E+00
1.05E+01	4	2	0	0.00E+00
1.05E+01	4	4	0	0.00E+00
1.05E+01	5	1	0	0.00E+00
1.05E+01	5	5	0	0.00E+00
1.05E+01	6	6	0	0.00E+00
1.10E+01	1	1	0	0.00E+00
1.10E+01	1	5	0	0.00E+00
1.10E+01	2	2	0	0.00E+00
1.10E+01	2	4	0	0.00E+00
1.10E+01	3	3	43.70731707	0.00E+00
1.10E+01	4	2	0	0.00E+00
1.10E+01	4	4	0	0.00E+00
1.10E+01	5	1	0	0.00E+00
1.10E+01	5	5	0	0.00E+00
1.10E+01	6	6	0	0.00E+00
1.15E+01	1	1	0	0.00E+00
1.15E+01	1	5	0	0.00E+00
1.15E+01	2	2	0	0.00E+00
1.15E+01	2	4	0	0.00E+00
1.15E+01	3	3	43.70731707	0.00E+00
1.15E+01	4	2	0	0.00E+00
1.15E+01	4	4	0	0.00E+00
1.15E+01	5	1	0	0.00E+00
1.15E+01	5	5	0	0.00E+00
1.15E+01	6	6	0	0.00E+00
1.20E+01	1	1	0	0.00E+00
1.20E+01	1	5	0	0.00E+00
1.20E+01	2	2	0	0.00E+00
1.20E+01	2	4	0	0.00E+00
1.20E+01	3	3	43.70731707	0.00E+00
1.20E+01	4	2	0	0.00E+00
1.20E+01	4	4	0	0.00E+00
1.20E+01	5	1	0	0.00E+00
1.20E+01	5	5	0	0.00E+00
1.20E+01	6	6	0	0.00E+00
1.25E+01	1	1	0	0.00E+00
1.25E+01	1	5	0	0.00E+00
1.25E+01	2	2	0	0.00E+00
1.25E+01	2	4	0	0.00E+00
1.25E+01	3	3	43.70731707	0.00E+00
1.25E+01	4	2	0	0.00E+00
1.25E+01	4	4	0	0.00E+00
1.25E+01	5	1	0	0.00E+00
1.25E+01	5	5	0	0.00E+00
1.25E+01	6	6	0	0.00E+00
1.30E+01	1	1	0	0.00E+00
1.30E+01	1	5	0	0.00E+00
1.30E+01	2	2	0	0.00E+00
1.30E+01	2	4	0	0.00E+00
1.30E+01	3	3	43.70731707	0.00E+00
1.30E+01	4	2	0	0.00E+00
1.30E+01	4	4	0	0.00E+00
1.30E+01	5	1	0	0.00E+00
1.30E+01	5	5	0	0.00E+00
1.30E+01	6	6	0	0.00E+00
1.35E+01	1	1	0	0.00E+00
1.35E+01	1	5	0	0.00E+00
1.35E+01	2	2	0	0.00E+00
1.35E+01	2	4	0	0.00E+00
1.35E+01	3	3	43.70731707	0.00E+00
1.35E+01	4	2	0	0.00E+00
1.35E+01	4	4	0	0.00E+00
1.35E+01	5	1	0	0.00E+00
1.35E+01	5	5	0	0.00E+00
1.35E+01	6	6	0	0.00E+00
1.40E+01	1	1	0	0.00E+00
1.40E+01	1	5	0	0.00E+00
1.40E+01	2	2	0	0.00E+00
1.40E+01	2	4	0	0.00E+00
1.40E+01	3	3	43.70731707	0.00E+00
1.40E+01	4	2	0	0.00E+00
1.40E+01	4	4	0	0.00E+00
1.40E+01	5	1	0	0.00E+00
1.40E+01	5	5	0	0.00E+00
1.40E+01	6	6	0	0.00E+00
1.45E+01	1	1	0	0.00E+00
1.45E+01	1	5	0	0.00E+00
1.45E+01	2	2	0	0.00E+00
1.45E+01	2	4	0	0.00E+00
1.45E+01	3	3	43.70731707	0.00E+00
1.45E+01	4	2	0	0.00E+00
1.45E+01	4	4	0	0.00E+00
1.45E+01	5	1	0	0.00E+00
1.45E+01	5	5	0	0.00E+00
1.45E+01	6	6	0	0.00E+00
1.50E+01	1	1	0	0.00E+00
1.50E+01	1	5	0	0.00E+00
1.50E+01	2	2	0	0.00E+00
1.50E+01	2	4	0	0.00E+00
1.50E+01	3	3	43.70731707	0.00E+00
1.50E+01	4	2	0	0.00E+00
1.50E+01	4	4	0	0.00E+00
1.50E+01	5	1	0	0.00E+00
1.50E+01	5	5	0	0.00E+00
1.50E+01	6	6	0	0.00E+00
1.55E+01	1	1	0	0.00E+00
1.55E+01	1	5	0	0.00E+00
1.55E+01	2	2	0	0.00E+00
1.55E+01	2	4	0	0.00E+00
1.55E+01	3	3	43.70731707	0.00E+00
1.55E+01	4	2	0	0.00E+00
1.55E+01	4	4	0	0.00E+00
1.55E+01	5	1	0	0.00E+00
1.55E+01	5	5	0	0.00E+00
1.55E+01	6	6	0	0.00E+00
1.60E+01	1	1	0	0.00E+00
1.60E+01	1	5	0	0.00E+00
1.60E+01	2	2	0	0.00E+00
1.60E+01	2	4	0	0.00E+00
1.60E+01	3	3	43.70731707	0.00E+00
1.60E+01	4	2	0	0.00E+00
1.60E+01	4	4	0	0.00E+00
1.60E+01	5	1	0	0.00E+00
1.60E+01	5	5	0	0.00E+00
1.60E+01	6	6	0	0.00E+00
1.65E+01	1	1	0	0.00E+00
1.65E+01	1	5	0	0.00E+00
1.65E+01	2	2	0	0.00E+00
1.65E+01	2	4	0	0.00E+00
1.65E+01	3	3	43.70731707	0.00E+00
1.65E+01	4	2	0	0.00E+00
1.65E+01	4	4	0	0.00E+00
1.65E+01	5	1	0	0.00E+00
1.65E+01	5	5	0	0.00E+00
1.65E+01	6	6	0	0.00E+00
1.70E+01	1	1	0	0.00E+00
1.70E+01	1	5	0	0.00E+00
1.70E+01	2	2	0	0.00E+00
1.70E+01	2	4	0	0.00E+00
1.70E+01	3	3	43.70731707	0.00E+00
1.70E+01	4	2	0	0.00E+00
1.70E+01	4	4	0	0.00E+00
1.70E+01	5	1	0	0.00E+00
1.70E+01	5	5	0	0.00E+00
1.70E+01	6	6	0	0.00E+00
1.75E+01	1	1	0	0.00E+00
1.75E+01	1	5	0	0.00E+00
1.75E+01	2	2	0	0.00E+00
1.75E+01	2	4	0	0.00E+00
1.75E+01	3	3	43.70731707	0.00E+00
1.75E+01	4	2	0	0.00E+00
1.75E+01	4	4	0	0.00E+00
1.75E+01	5	1	0	0.00E+00
1.75E+01	5	5	0	0.00E+00
1.75E+01	6	6	0	0.00E+00
1.80E+01	1	1	0	0.00E+00
1.80E+01	1	5	0	0.00E+00
1.80E+01	2	2	0	0.00E+00
1.80E+01	2	4	0	0.00E+00
1.80E+01	3	3	43.70731707	0.00E+00
1.80E+01	4	2	0	0.00E+00
1.80E+01	4	4	0	0.00E+00
1.80E+01	5	1	0	0.00E+00
1.80E+01	5	5	0	0.00E+00
1.80E+01	6	6	0	0.00E+00
1.85E+01	1	1	0	0.00E+00
1.85E+01	1	5	0	0.00E+00
1.85E+01	2	2	0	0.00E+00
1.85E+01	2	4	0	0.00E+00
1.85E+01	3	3	43.70731707	0.00E+00
1.85E+01	4	2	0	0.00E+00
1.85E+01	4	4	0	0.00E+00
1.85E+01	5	1	0	0.00E+00
1.85E+01	5	5	0	0.00E+00
1.85E+01	6	6	0	0.00E+00
1.90E+01	1	1	0	0.00E+00
1.90E+01	1	5	0	0.00E+00
1.90E+01	2	2	0	0.00E+00
1.90E+01	2	4	0	0.00E+00
1.90E+01	3	3	43.70731707	0.00E+00
1.90E+01	4	2	0	0.00E+00
1.90E+01	4	4	0	0.00E+00
1.90E+01	5	1	0	0.00E+00
1.90E+01	5	5	0	0.00E+00
1.90E+01	6	6	0	0.00E+00
1.95E+01	1	1	0	0.00E+00
1.95E+01	1	5	0	0.00E+00
1.95E+01	2	2	0	0.00E+00
1.95E+01	2	4	0	0.00E+00
1.95E+01	3	3	43.70731707	0.00E+00
1.95E+01	4	2	0	0.00E+00
1.95E+01	4	4	0	0.00E+00
1.95E+01	5	1	0	0.00E+00
1.95E+01	5	5	0	0.00E+00
1.95E+01	6	6	0	0.00E+00
2.00E+01	1	1	0	0.00E+00
2.00E+01	1	5	0	0.00E+00
2.00E+01	2	2	0	0.00E+00
2.00E+01	2	4	0	0.00E+00
2.00E+01	3	3	43.70731707	0.00E+00
2.00E+01	4	2	0	0.00E+00
2.00E+01	4	4	0	0.00E+00
2.00E+01	5	1	0	0.00E+00
2.00E+01	5	5	0	0.00E+00
2.00E+01	6	6	0	0.00E+00
2.05E+01	1	1	0	0.00E+00
2.05E+01	1	5	0	0.00E+00
2.05E+01	2	2	0	0.00E+00
2.05E+01	2	4	0	0.00E+00
2.05E+01	3	3	43.70731707	0.00E+00
2.05E+01	4	2	0	0.00E+00
2.05E+01	4	4	0	0.00E+00
2.05E+01	5	1	0	0.00E+00
2.05E+01	5	5	0	0.00E+00
2.05E+01	6	6	0	0.00E+00
2.10E+01	1	1	0	0.00E+00
2.10E+01	1	5	0	0.00E+00
2.10E+01	2	2	0	0.00E+00
2.10E+01	2	4	0	0.00E+00
2.10E+01	3	3	43.70731707	0.00E+00
2.10E+01	4	2	0	0.00E+00
2.10E+01	4	4	0	0.00E+00
2.10E+01	5	1	0	0.00E+00
2.10E+01	5	5	0	0.00E+00
2.10E+01	6	6	0	0.00E+00
2.15E+01	1	1	0	0.00E+00
2.15E+01	1	5	0	0.00E+00
2.15E+01	2	2	0	0.00E+00
2.15E+01	2	4	0	0.00E+00
2.15E+01	3	3	43.70731707	0.00E+00
2.15E+01	4	2	0	0.00E+00
2.15E+01	4	4	0	0.00E+00
2.15E+01	5	1	0	0.00E+00
2.15E+01	5	5	0	0.00E+00
2.15E+01	6	6	0	0.00E+00
2.20E+01	1	1	0	0.00E+00
2.20E+01	1	5	0	0.00E+00
2.20E+01	2	2	0	0.00E+00
2.20E+01	2	4	0	0.00E+00
2.20E+01	3	3	43.70731707	0.00E+00
2.20E+01	4	2	0	0.00E+00
2.20E+01	4	4	0	0.00E+00
2.20E+01	5	1	0	0.00E+00
2.20E+01	5	5	0	0.00E+00
2.20E+01	6	6	0	0.00E+00
2.25E+01	1	1	0	0.00E+00
2.25E+01	1	5	0	0.00E+00
2.25E+01	2	2	0	0.00E+00
2.25E+01	2	4	0	0.00E+00
2.25E+01	3	3	43.70731707	0.00E+00
2.25E+01	4	2	0	0.00E+00
2.25E+01	4	4	0	0.00E+00
2.25E+01	5	1	0	0.00E+00
2.25E+01	5	5	0	0.00E+00
2.25E+01	6	6	0	0.00E+00
2.30E+01	1	1	0	0.00E+00
2.30E+01	1	5	0	0.00E+00
2.30E+01	2	2	0	0.00E+00
2.30E+01	2	4	0	0.00E+00
2.30E+01	3	3	43.70731707	0.00E+00
2.30E+01	4	2	0	0.00E+00
2.30E+01	4	4	0	0.00E+00
2.30E+01	5	1	0	0.00E+00
2.30E+01	5	5	0	0.00E+00
2.30E+01	6	6	0	0.00E+00
2.35E+01	1	1	0	0.00E+00
2.35E+01	1	5	0	0.00E+00
2.35E+01	2	2	0	0.00E+00
2.35E+01	2	4	0	0.00E+00
2.35E+01	3	3	43.70731707	0.00E+00
2.35E+01	4	2	0	0.00E+00
2.35E+01	4	4	0	0.00E+00
2.35E+01	5	1	0	0.00E+00
2.35E+01	5	5	0	0.00E+00
2.35E+01	6	6	0	0.00E+00
2.40E+01	1	1	0	0.00E+00
2.40E+01	1	5	0	0.00E+00
2.40E+01	2	2	0	0.00E+00
2.40E+01	2	4	0	0.00E+00
2.40E+01	3	3	43.70731707	0.00E+00
2.40E+01	4	2	0	0.00E+00
2.40E+01	4	4	0	0.00E+00
2.40E+01	5	1	0	0.00E+00
2.40E+01	5	5	0	0.00E+00
2.40E+01	6	6	0	0.00E+00
2.45E+01	1	1	0	0.00E+00
2.45E+01	1	5	0	0.00E+00
2.45E+01	2	2	0	0.00E+00
2.45E+01	2	4	0	0.00E+00
2.45E+01	3	3	43.70731707	0.00E+00
2.45E+01	4	2	0	0.00E+00
2.45E+01	4	4	0	0.00E+00
2.45E+01	5	1	0	0.00E+00
2.45E+01	5	5	0	0.00E+00
2.45E+01	6	6	0	0.00E+00
2.50E+01	1	1	0	0.00E+00
2.50E+01	1	5	0	0.00E+00
2.50E+01	2	2	0	0.00E+00
2.50E+01	2	4	0	0.00E+00
2.50E+01	3	3	43.70731707	0.00E+00
2.50E+01	4	2	0	0.00E+00
2.50E+01	4	4	0	0.00E+00
2.50E+01	5	1	0	0.00E+00
2.50E+01	5	5	0	0.00E+00
2.50E+01	6	6	0	0.00E+00
2.55E+01	1	1	0	0.00E+00
2.55E+01	1	5	0	0.00E+00
2.55E+01	2	2	0	0.00E+00
2.55E+01	2	4	0	0.00E+00
2.55E+01	3	3	43.70731707	0.00E+00
2.55E+01	4	2	0	0.00E+00
2.55E+01	4	4	0	0.00E+00
2.55E+01	5	1	0	0.00E+00
2.55E+01	5	5	0	0.00E+00
2.55E+01	6	6	0	0.00E+00
2.60E+01	1	1	0	0.00E+00
2.60E+01	1	5	0	0.00E+00
2.60E+01	2	2	0	0.00E+00
2.60E+01	2	4	0	0.00E+00
2.60E+01	3	3	43.70731707	0.00E+00
2.60E+01	4	2	0	0.00E+00
2.60E+01	4	4	0	0.00E+00
2.60E+01	5	1	0	0.00E+00
2.60E+01	5	5	0	0.00E+00
2.60E+01	6	6	0	0.00E+00
2.65E+01	1	1	0	0.00E+00
2.65E+01	1	5	0	0.00E+00
2.65E+01	2	2	0	0.00E+00
2.65E+01	2	4	0	0.00E+00
2.65E+01	3	3	43.70731707	0.00E+00
2.65E+01	4	2	0	0.00E+00
2.65E+01	4	4	0	0.00E+00
2.65E+01	5	1	0	0.00E+00
2.65E+01	5	5	0	0.00E+00
2.65E+01	6	6	0	0.00E+00
2.70E+01	1	1	0	0.00E+00
2.70E+01	1	5	0	0.00E+00
2.70E+01	2	2	0	0.00E+00
2.70E+01	2	4	0	0.00E+00
2.70E+01	3	3	43.70731707	0.00E+00
2.70E+01	4	2	0	0.00E+00
2.70E+01	4	4	0	0.00E+00
2.70E+01	5	1	0	0.00E+00
2.70E+01	5	5	0	0.00E+00
2.70E+01	6	6	0	0.00E+00
2.75E+01	1	1	0	0.00E+00
2.75E+01	1	5	0	0.00E+00
2.75E+01	2	2	0	0.00E+00
2.75E+01	2	4	0	0.00E+00
2.75E+01	3	3	43.70731707	0.00E+00
2.75E+01	4	2	0	0.00E+00
2.75E+01	4	4	0	0.00E+00
2.75E+01	5	1	0	0.00E+00
2.75E+01	5	5	0	0.00E+00
2.75E+01	6	6	0	0.00E+00
2.80E+01	1	1	0	0.00E+00
2.80E+01	1	5	0	0.00E+00
2.80E+01	2	2	0	0.00E+00
2.80E+01	2	4	0	0.00E+00
2.80E+01	3	3	43.70731707	0.00E+00
2.80E+01	4	2	0	0.00E+00
2.80E+01	4	4	0	0.00E+00
2.80E+01	5	1	0	0.00E+00
2.80E+01	5	5	0	0.00E+00
2.80E+01	6	6	0	0.00E+00
2.85E+01	1	1	0	0.00E+00
2.85E+01	1	5	0	0.00E+00
2.85E+01	2	2	0	0.00E+00
2.85E+01	2	4	0	0.00E+00
2.85E+01	3	3	43.70731707	0.00E+00
2.85E+01	4	2	0	0.00E+00
2.85E+01	4	4	0	0.00E+00
2.85E+01	5	1	0	0.00E+00
2.85E+01	5	5	0	0.00E+00
2.85E+01	6	6	0	0.00E+00
2.90E+01	1	1	0	0.00E+00
2.90E+01	1	5	0	0.00E+00
2.90E+01	2	2	0	0.00E+00
2.90E+01	2	4	0	0.00E+00
2.90E+01	3	3	43.70731707	0.00E+00
2.90E+01	4	2	0	0.00E+00
2.90E+01	4	4	0	0.00E+00
2.90E+01	5	1	0	0.00E+00
2.90E+01	5	5	0	0.00E+00
2.90E+01	6	6	0	0.00E+00
2.95E+01	1	1	0	0.00E+00
2.95E+01	1	5	0	0.00E+00
2.95E+01	2	2	0	0.00E+00
2.95E+01	2	4	0	0.00E+00
2.95E+01	3	3	43.70731707	0.00E+00
2.95E+01	4	2	0	0.00E+00
2.95E+01	4	4	0	0.00E+00
2.95E+01	5	1	0	0.00E+00
2.95E+01	5	5	0	0.00E+00
2.95E+01	6	6	0	0.00E+00
3.00E+01	1	1	0	0.00E+00
3.00E+01	1	5	0	0.00E+00
3.00E+01	2	2	0	0.00E+00
3.00E+01	2	4	0	0.00E+00
3.00E+01	3	3	43.70731707	0.00E+00
3.00E+01	4	2	0	0.00E+00
3.00E+01	4	4	0	0.00E+00
3.00E+01	5	1	0	0.00E+00
3.00E+01	5	5	0	0.00E+00
3.00E+01	6	6	0	0.00E+00
3.05E+01	1	1	0	0.00E+00
3.05E+01	1	5	0	0.00E+00
3.05E+01	2	2	0	0.00E+00
3.05E+01	2	4	0	0.00E+00
3.05E+01	3	3	43.70731707	0.00E+00
3.05E+01	4	2	0	0.00E+00
3.05E+01	4	4	0	0.00E+00
3.05E+01	5	1	0	0.00E+00
3.05E+01	5	5	0	0.00E+00
3.05E+01	6	6	0	0.00E+00
